FashionMNIST: FL + 5 hops
   Max NMI = [0.698,0.781] res:= 0.01
   Partition sizes: 1 1 4 1 2 851 112 11 2 1 9 617 1 1 8 7 888 2 1 1 2 11 611 1 283 1 1 8 1 2 1944 35 2 13 1 16 209 1 15 2 3 19 16 282 
   Max Purity = [0.698,0.781] res:= 0.01
   Partition sizes: 1 1 4 1 2 851 112 11 2 1 9 617 1 1 8 7 888 2 1 1 2 11 611 1 283 1 1 8 1 2 1944 35 2 13 1 16 209 1 15 2 3 19 16 282 
FashionMNIST: FL_ng + 5 hops
   Max NMI = [0.641,0.729] res:= 0.01
   Partition sizes: 8 1 2 11 26 5 1 1 4 1 2 4 9 3 1 1 4 3 1233 1 1 3 1 1 1 6 1 2 3 2 47 1 262 1011 8 5 2 1 1 1 8 1 35 2 1 2 1 1 8 7 2 5 1 1 1 1 1 108 1 2 2 4 3 4 2 6 10 1 10 6 2 2 30 1 1 1 1 1 3 247 9 3 7 1308 1 13 2 1 1 2 2 2 4 1 2 2 1 4 1 13 3 2 11 1 3 2 3 3 1 1 1 2 3 723 404 1 1 3 2 4 29 2 1 1 1 2 96 1 1 3 8 4 1 3 9 7 19 5 2 5 4 2 2 1 2 5 3 1 1 4 3 1 3 1 2 2 3 
   Max Purity = [0.641,0.729] res:= 0.01
   Partition sizes: 8 1 2 11 26 5 1 1 4 1 2 4 9 3 1 1 4 3 1233 1 1 3 1 1 1 6 1 2 3 2 47 1 262 1011 8 5 2 1 1 1 8 1 35 2 1 2 1 1 8 7 2 5 1 1 1 1 1 108 1 2 2 4 3 4 2 6 10 1 10 6 2 2 30 1 1 1 1 1 3 247 9 3 7 1308 1 13 2 1 1 2 2 2 4 1 2 2 1 4 1 13 3 2 11 1 3 2 3 3 1 1 1 2 3 723 404 1 1 3 2 4 29 2 1 1 1 2 96 1 1 3 8 4 1 3 9 7 19 5 2 5 4 2 2 1 2 5 3 1 1 4 3 1 3 1 2 2 3 
FashionMNIST: FL_ng_prop + 5 hops
   Max NMI = [0.582,0.489] res:= 0.06
   Partition sizes: 6 5 6 600 2 4 15 330 1 1 1 52 4 1 1 2 18 1 601 1 8 22 1 4 201 3 1 4 1 7 2 3 10 4 3 3 1 2 181 5 2 1 1 1 9 1 1 10 2 4 3 1 2 134 1 4 6 1 1 2 5 3 6 1 2 1 3 2 1 1 3 5 1 13 1 1 3 12 2 1 7 1 1 4 1 2 3 1 1 8 7 1 4 38 2 1 2 1 1 1 1 10 1 6 1 1 2 16 1 1 2 2 1 2 1 2 1 1 1 89 2 2 11 6 2 2 1 2 4 1 64 1 1 1 1 6 1 1 4 1 1 89 6 7 17 67 11 4 1 3 3 4 1 1 6 8 8 9 8 466 3 11 4 2 4 266 1 2 7 1 1 1 84 1 1 22 1 1 1 1 1 1 2 1 24 6 1 1 3 6 1 303 1 9 2 1 11 1 1 1 1 3 2 1 3 1 1 2 1 2 1 1 690 7 2 15 12 1 2 2 1 1 1 5 1 1 3 5 1 3 1 1 1 3 1 1 4 1 39 1 32 3 7 2 7 4 1 1 506 1 14 7 14 1 2 3 1 3 1 1 2 4 5 1 2 3 9 2 1 2 2 3 1 1 30 1 13 14 1 1 5 1 1 2 1 1 37 2 1 4 5 2 2 1 1 2 3 1 1 1 4 4 2 5 1 1 2 1 4 1 7 1 2 2 1 3 8 4 9 1 2 1 2 1 4 5 1 2 1 1 5 1 1 2 1 10 1 1 1 8 1 1 1 5 1 1 1 2 1 1 1 1 3 5 1 1 1 1 2 1 1 3 2 4 1 1 1 2 1 1 1 1 
   Max Purity = [0.557,0.576] res:= 0.01
   Partition sizes: 6 5 6 2 4 1 1 1 4 1 1 2 18 1 1001 1 3 8 1 4 15 3 1 4 1 7 2 3 10 3 3 1 2 5 2 1 1 1 9 1 64 1 10 2 3 1 2 1 4 1 89 1 2 3 6 1 2 1 2 1 1 3 5 1 13 1 1 3 12 2 1 7 1 1 4 1 2 3 1 10 848 1 7 4 1 4 2 1 2 1 1 1 1 1 6 4 1 1 1081 2 16 1 1 2 2 1 2 1 2 1 1 1 690 2 2 11 6 2 2 1 2 4 1 1 1 1 1 6 1 1 4 1 1 6 7 17 11 4 1 3 3 4 1 1 6 8 8 9 24 8 3 11 4 2 4 1 355 2 7 1 1 1 10 1 1 22 1 1 1 1 1 1 2 1 6 1 8 1 3 6 1 1 9 2 1 11 1 1 1 1 3 2 1 3 1 1 2 1 2 1 1 7 14 2 13 15 12 38 1 2 2 1 1 1 5 1 1 3 5 1 3 1 1 1 3 1 1 4 1 39 1 3 7 2 7 4 1 1 543 6 1 14 7 1 32 2 22 3 1 3 1 1 2 4 9 5 1 2 3 2 1 2 2 3 1 1 30 1 14 1 1 5 1 1 2 1 1 2 1 4 5 2 2 1 1 89 2 3 1 1 1 4 4 2 5 1 1 2 1 4 1 7 1 2 2 1 3 8 4 9 1 2 1 5 2 1 4 5 1 2 1 1 5 1 1 2 1 1 1 1 8 1 1 1 5 1 1 1 2 1 1 1 1 3 1 1 1 1 2 1 1 3 2 4 1 1 1 2 1 5 1 1 1 
FashionMNIST: FL + log(n) hops
   Max NMI = [0.701,0.769] res:= 0.01
   Partition sizes: 11 1 1 1 11 49 284 9 1 184 1 15 9 6 1 1 1 10 37 3 127 1 13 1 15 1 1 3 864 3 172 582 2 2 6 1 1 3 1 16 665 1 1 19 32 1789 9 16 142 1 18 856 
   Max Purity = [0.701,0.769] res:= 0.01
   Partition sizes: 11 1 1 1 11 49 284 9 1 184 1 15 9 6 1 1 1 10 37 3 127 1 13 1 15 1 1 3 864 3 172 582 2 2 6 1 1 3 1 16 665 1 1 19 32 1789 9 16 142 1 18 856 
FashionMNIST: FL_ng + log(n) hops
   Max NMI = [0.638,0.684] res:= 0.01
   Partition sizes: 8 2 5 1 1 1 3 10 30 1 1 10 4 1 1 9 3 1 1 1 2 2 26 1 1 1 1 2 1 8 3 2 1 1 2 1 1 1 3 5 13 1 2 2 3 5 5 2 4 4 256 816 2 5 8 1 1 1 12 29 1 21 11 1 35 1 1 4 8 4 3 5 9 1 1 1 3 2 29 1 16 1 1 2 1 2 6 20 4 1 2 1 5 3 13 1 10 2 1 2 1 2 3 1 1 1 2 1 2 3 3 2 6 3 42 1 1 293 2 1 1 761 28 1 2 2 5 2 1 14 1 1 12 2 1 1 1 3 1 2 7 2 401 3 18 1 1 4 1 1 1 34 60 1 1 2 1 2 2 1 1 4 57 4 1 2 1 174 2 2 1 5 1 23 1 12 3 7 1200 4 1 4 1 3 1127 1 3 1 1 2 2 2 2 10 1 2 4 2 2 
   Max Purity = [0.638,0.684] res:= 0.01
   Partition sizes: 8 2 5 1 1 1 3 10 30 1 1 10 4 1 1 9 3 1 1 1 2 2 26 1 1 1 1 2 1 8 3 2 1 1 2 1 1 1 3 5 13 1 2 2 3 5 5 2 4 4 256 816 2 5 8 1 1 1 12 29 1 21 11 1 35 1 1 4 8 4 3 5 9 1 1 1 3 2 29 1 16 1 1 2 1 2 6 20 4 1 2 1 5 3 13 1 10 2 1 2 1 2 3 1 1 1 2 1 2 3 3 2 6 3 42 1 1 293 2 1 1 761 28 1 2 2 5 2 1 14 1 1 12 2 1 1 1 3 1 2 7 2 401 3 18 1 1 4 1 1 1 34 60 1 1 2 1 2 2 1 1 4 57 4 1 2 1 174 2 2 1 5 1 23 1 12 3 7 1200 4 1 4 1 3 1127 1 3 1 1 2 2 2 2 10 1 2 4 2 2 
FashionMNIST: FL_ng_prop + log(n) hops
   Max NMI = [0.557,0.355] res:= 0.06
   Partition sizes: 8 3 2 4 16 4 2 21 1 1 3 3 1 8 67 2 1 1 2 102 114 1 8 2 4 3 296 1 2 1 7 5 414 7 186 5 31 7 1 2 2 3 1 3 1 3 9 1 1 2 2 2 2 5 306 2 1 2 1 2 2 216 2 1 68 7 2 1 2 3 10 10 1 1 2 7 7 1 2 13 2 1 3 3 1 12 7 7 2 3 219 12 1 66 2 2 1 33 7 1 1 7 1 3 1 115 1 2 1 13 11 2 384 3 4 2 292 1 4 1 1 4 1 6 151 1 2 2 14 1 2 18 1 1 1 1 1 25 2 8 1 1 1 1 1 1 1 1 531 91 2 1 1 4 6 2 1 35 3 1 2 3 3 1 1 4 1 1 1 2 8 8 134 3 1 1 4 2 247 2 1 6 11 1 4 42 6 9 1 1 4 1 7 1 2 7 1 8 1 1 26 15 3 1 23 4 1 5 1 1 2 7 1 68 1 1 3 9 3 1 1 1 1 6 1 1 7 1 9 2 6 5 2 1 7 1 4 1 1 14 4 2 1 1 1 3 2 3 3 38 2 1 5 19 1 1 1 1 1 7 2 7 6 9 9 1 2 2 2 1 1 1 1 2 1 7 1 1 2 1 1 2 3 1 1 1 1 1 2 1 3 3 1 2 1 6 3 2 8 2 1 1 1 1 1 1 2 14 1 2 1 1 1 6 2 2 1 2 1 4 2 259 2 4 2 2 2 1 11 1 24 2 1 7 2 1 1 1 3 1 1 1 1 2 13 1 1 2 1 4 1 1 2 1 15 1 1 2 1 2 1 1 7 1 1 1 2 1 20 3 1 1 3 9 11 8 62 7 1 1 5 9 2 1 1 3 1 5 1 1 1 1 6 1 1 1 2 1 2 2 1 1 1 2 11 4 1 1 3 1 1 2 58 6 1 1 1 1 2 1 1 1 1 2 2 2 2 1 1 1 3 1 3 1 1 2 1 1 4 2 1 1 2 1 24 3 3 
   Max Purity = [0.544,0.485] res:= 0.01
   Partition sizes: 8 3 2 4 16 4 2 21 1 1 35 3 3 1 8 2 1 1 2 102 1 8 2 4 3 857 114 1 2 1 7 5 7 5 134 31 7 1 2 2 3 1 3 1 3 9 67 1 1 2 2 2 2 5 2 1 2 1 2 2 2 1 7 2 1 2 3 10 10 1 1 2 7 7 1 2 13 2 1 3 3 1 12 42 7 7 2 3 12 1 2 2 1 33 7 1 1 7 1 3 1 1 2 1 13 11 2 3 4 2 508 1 4 1 1 4 1 6 1 2 2 14 1 2 15 1 1 1 1 1 25 2 8 1 1 1 1 1 1 1 1 91 2 1 1 4 6 2 1 3 1 2 3 3 1 1 4 1 1 1 2 8 8 18 3 1 1 4 2 2 1 6 11 1 4 6 9 1 812 1 4 1 7 1 2 7 1 1 1 26 3 1 4 1 5 1 1 2 1 68 1 1 3 9 3 1 1 1 1 6 1 1 7 1 9 2 6 5 2 1 7 1 4 1 1 14 4 2 1 1 1 3 2 3 3 344 2 1 5 531 1 1 1 1 1 7 2 7 6 9 9 1 2 2 2 1 1 1 1 2 1 7 19 1 1 2 1 1 2 3 1 1 1 1 1 2 1 3 3 1 66 2 1 6 3 2 8 2 1 1 1 1 1 1 2 14 1 2 1 1 1 6 2 2 1 2 1 4 2 2 4 7 2 2 536 2 1 11 1 24 2 1 7 2 1 1 1 3 1 1 1 1 2 13 1 23 1 2 1 4 1 1 2 1 15 1 1 2 1 2 1 1 7 11 1 1 1 2 1 20 3 186 1 1 3 9 11 8 7 1 1 5 9 2 1 1 3 1 5 1 1 1 1 6 1 1 1 8 2 1 2 2 1 1 1 2 4 1 1 3 1 1 2 68 6 1 1 1 1 2 1 1 1 1 2 2 2 2 1 1 1 3 1 3 1 1 2 1 1 4 2 1 1 2 1 24 3 3 
FashionMNIST: PageRank
   Max NMI = [0.698,0.668] res:= 0.06
   Partition sizes: 4 5 1032 2 7 306 3 1 36 629 1 2 1 828 1 173 4 1 8 1 168 15 1 1 2 50 1 469 4 60 679 143 2 7 1 1 34 4 387 530 3 108 11 274 
   Max Purity = [0.682,0.857] res:= 0.01
   Partition sizes: 4 5 2 7 1833 3 1 1675 1 2 1 316 1 469 4 36 1 8 1 15 1 1 2 60 50 1 4 2 7 1 1 4 1159 3 34 11 274 
