miRNA: FL + 5 hops + Survive: 0
   Max NMI = [0.897,0.768] res:= 1.21
   Partition sizes: 59 77 26 60 61 27 30 126 21 27 107 78 24 30 90 20 100 90 78 93 8 161 46 67 23 62 16 29 37 35 91 40 7 16 18 26 42 64 50 83 59 
   Max Purity = [0.863,0.909] res:= 0.01
   Partition sizes: 90 59 161 26 60 30 336 93 392 24 100 110 78 8 46 23 123 37 118 7 42 64 83 94 
miRNA: FL_ng + 5 hops + Survive: 0
   Max NMI = [0.873,0.789] res:= 0.46
   Partition sizes: 59 85 131 2 68 68 1 37 67 1 12 43 20 26 75 29 130 163 31 6 37 5 3 14 72 122 2 18 14 4 20 1 95 1 85 22 72 186 39 16 6 16 65 1 55 26 95 6 25 27 
   Max Purity = [0.759,0.868] res:= 0.01
   Partition sizes: 132 2 68 538 1 67 1 59 20 509 6 37 5 3 14 72 122 2 18 4 115 1 1 85 22 39 6 65 1 55 75 26 6 27 
miRNA: FL_ng_prop + 5 hops + Survive: 0
   Max NMI = [0.849,0.734] res:= 0.66
   Partition sizes: 14 55 103 90 68 47 79 1 70 34 72 103 14 1 1 92 123 15 38 16 1 1 1 9 37 90 32 12 1 112 21 6 5 19 38 4 68 8 12 72 15 3 201 44 24 38 6 12 14 1 1 25 1 46 11 1 1 54 9 5 53 21 1 8 4 3 1 15 1 
   Max Purity = [0.79,0.858] res:= 0.01
   Partition sizes: 14 55 90 106 1 340 197 34 521 72 1 1 15 16 1 1 1 9 37 104 12 1 112 6 5 31 4 68 8 12 15 3 96 38 6 14 1 1 1 46 1 1 5 62 21 1 8 4 3 1 1 
miRNA: FL + log(n) hops + Survive: 0
   Max NMI = [0.899,0.896] res:= 0.06
   Partition sizes: 11 145 49 35 123 28 132 109 43 194 40 281 1 38 60 49 135 103 61 113 107 24 79 66 71 80 27 
   Max Purity = [0.884,0.911] res:= 0.01
   Partition sizes: 11 145 49 35 123 28 132 109 43 40 281 1 38 60 329 103 61 113 107 24 128 66 71 80 27 
miRNA: FL_ng + log(n) hops + Survive: 0
   Max NMI = [0.869,0.766] res:= 0.31
   Partition sizes: 91 33 7 76 31 2 180 42 50 136 69 86 1 20 24 15 22 1 2 1 39 2 27 60 83 16 1 56 48 2 19 87 2 6 19 1 2 6 1 124 1 42 5 157 17 53 15 27 23 66 98 2 64 33 42 64 3 2 
   Max Purity = [0.842,0.883] res:= 0.01
   Partition sizes: 91 33 7 343 31 2 128 50 136 69 1 20 24 15 22 1 2 1 39 2 83 16 1 89 406 2 19 104 2 6 19 1 2 6 1 124 1 42 5 66 2 64 57 64 3 2 
miRNA: FL_ng_prop + log(n) hops + Survive: 0
   Max NMI = [0.862,0.757] res:= 0.56
   Partition sizes: 28 1 14 1 54 95 3 1 3 78 50 102 11 66 2 209 55 35 1 1 60 2 10 27 63 39 1 1 9 1 38 80 7 26 14 2 22 20 124 7 119 6 38 17 6 1 2 19 2 25 95 8 39 23 57 1 54 14 109 1 9 24 73 5 1 1 56 12 2 1 9 5 1 3 1 1 1 
   Max Purity = [0.828,0.839] res:= 0.01
   Partition sizes: 1 14 1 95 3 1 3 253 2 50 35 55 1 1 2 10 1 1 9 1 38 80 89 78 2 22 20 60 124 7 119 6 38 17 6 1 2 465 102 19 2 25 8 39 57 1 91 14 1 9 24 5 1 1 56 12 2 1 9 5 1 3 1 1 1 
miRNA: PageRank + log(n) hops + Survive: 0
   Max NMI = [0.894,0.805] res:= 1.51
   Partition sizes: 13 16 47 127 92 77 95 40 50 76 1 88 109 33 18 86 111 98 82 11 121 85 13 19 88 32 39 14 105 107 18 9 38 52 20 113 61 
   Max Purity = [0.883,0.959] res:= 0.01
   Partition sizes: 13 16 47 61 1 109 39 18 88 237 11 121 85 107 13 19 108 95 14 18 9 284 38 52 113 488 
miRNA: FL + 5 hops + Survive: 1
   Max NMI = [0.065,0.079] res:= 1.96
   Partition sizes: 28 34 9 39 140 58 26 34 61 93 30 86 41 22 18 33 86 73 40 60 63 32 56 30 47 22 53 78 23 109 16 3 14 8 16 75 58 24 45 32 26 39 27 25 
   Max Purity = [0.052,0.146] res:= 0.01
   Partition sizes: 92 200 34 95 93 111 41 33 108 60 56 30 156 22 78 23 3 75 85 283 111 116 27 
miRNA: FL_ng + 5 hops + Survive: 1
   Max NMI = [0.061,0.088] res:= 1.01
   Partition sizes: 1 1 45 24 2 97 18 39 20 5 82 1 79 94 15 16 15 24 84 53 23 16 38 4 63 20 2 36 22 26 34 15 19 1 7 65 16 8 34 158 21 68 60 15 15 61 34 1 118 23 78 23 10 1 82 
   Max Purity = [0.051,0.201] res:= 0.01
   Partition sizes: 1 1 60 24 105 2 18 5 1 148 16 118 108 38 4 63 2 51 22 26 15 19 1 7 65 8 55 367 328 61 34 1 118 39 1 
miRNA: FL_ng_prop + 5 hops + Survive: 1
   Max NMI = [0.058,0.069] res:= 1.66
   Partition sizes: 1 6 1 14 1 23 35 41 9 33 13 1 13 64 58 5 52 92 83 1 29 51 12 19 18 37 16 1 40 32 69 4 74 17 30 8 2 22 43 20 11 4 83 60 36 16 4 12 106 37 1 37 31 39 15 2 54 74 55 10 13 1 1 15 1 14 2 1 48 11 1 1 1 23 8 4 4 1 3 1 1 
   Max Purity = [0.049,0.262] res:= 0.01
   Partition sizes: 1 6 1 14 1 23 33 1 64 344 5 1 88 12 16 1 99 83 51 506 4 30 106 2 36 38 4 120 36 4 1 2 54 10 13 1 1 1 2 1 57 11 1 1 1 23 8 4 4 1 3 1 1 
miRNA: FL + log(n) hops + Survive: 1
   Max NMI = [0.066,0.094] res:= 1.71
   Partition sizes: 38 7 1 71 65 33 15 75 25 29 87 98 23 41 133 58 63 157 57 34 19 26 27 33 24 17 1 79 43 3 36 68 33 59 33 23 15 44 39 31 79 47 43 
   Max Purity = [0.055,0.147] res:= 0.01
   Partition sizes: 109 1 100 98 23 104 133 222 57 19 87 26 33 24 1 79 89 3 36 68 33 59 50 72 284 79 43 
miRNA: FL_ng + log(n) hops + Survive: 1
   Max NMI = [0.062,0.096] res:= 1.06
   Partition sizes: 3 19 26 186 72 139 14 2 91 14 7 63 4 26 61 54 1 16 42 38 79 22 4 44 2 116 1 1 24 1 1 17 28 26 2 14 1 2 16 18 1 2 50 11 34 56 6 43 21 1 35 11 56 15 43 62 15 27 25 29 25 35 23 8 1 
   Max Purity = [0.051,0.196] res:= 0.01
   Partition sizes: 3 19 26 376 300 2 91 4 98 88 1 38 79 22 4 73 2 1 1 1 1 17 28 2 14 1 2 41 18 1 2 57 11 56 57 6 21 1 35 25 116 62 15 27 86 1 
miRNA: FL_ng_prop + log(n) hops + Survive: 1
   Max NMI = [0.059,0.105] res:= 1.06
   Partition sizes: 1 6 24 17 2 54 7 18 13 8 60 4 22 1 14 31 9 21 34 1 49 24 108 57 12 2 53 18 95 6 40 202 13 25 5 3 17 87 1 13 21 1 58 18 16 1 17 5 15 76 14 1 18 38 21 1 116 38 10 13 1 1 22 1 1 49 32 52 2 16 63 4 4 2 3 1 1 2 
   Max Purity = [0.054,0.391] res:= 0.01
   Partition sizes: 1 6 2 756 7 18 8 4 62 1 14 9 34 1 49 24 12 2 66 72 6 13 25 5 3 17 1 13 1 58 1 17 5 14 1 18 38 37 1 116 38 10 13 1 1 109 1 1 80 53 52 2 16 4 4 2 3 1 1 2 
miRNA: PageRank + log(n) hops + Survive: 1
   Max NMI = [0.061,0.109] res:= 1.06
   Partition sizes: 32 167 9 104 65 100 38 42 84 30 89 82 22 53 100 76 14 16 10 75 24 27 65 159 7 37 13 15 8 118 11 188 33 19 
   Max Purity = [0.059,0.229] res:= 0.01
   Partition sizes: 104 9 100 104 53 14 16 76 10 75 197 59 65 262 7 37 13 15 8 118 11 33 443 84 19 
