MNIST: FL + 5 hops
   Max NMI = [0.911,0.846] res:= 0.11
   Partition sizes: 2 420 5 173 424 4 4 686 1 1 3 1 1 1 1 2 2 4 5 2 1 8 2 643 27 1 8 11 3 637 1 2 5 277 448 1 415 1 1 685 218 1 136 691 1 34 
   Max Purity = [0.891,0.956] res:= 0.01
   Partition sizes: 691 2 136 5 1061 4 4 643 1 1 3 1 1 1 1 2 685 3 2 4 5 2 1 8 2 1 8 11 1 2 5 1 1 1 977 1 686 1008 27 1 
MNIST: FL_ng + 5 hops
   Max NMI = [0.793,0.778] res:= 0.06
   Partition sizes: 2 1 1 1 1 1 1 1 2 2 1 2 482 1 1 3 1 3 1 2 7 2 2 1 2 21 1 1 1 2 1 1 3 2 8 1 7 3 1 609 1 1 1 2 7 3 1 10 2 1 4 3 2 2 1 1 1 1 193 1 9 620 5 10 7 1 1 1 1 1 1 1 1 615 4 649 2 13 272 3 1 2 4 1 5 1 1 4 1 7 3 1 1 1 1 1 3 3 2 1 15 1 6 341 1 2 1 1 3 1 1 2 3 1 1 66 1 1 2 1 1 1 1 1 2 1 1 2 1 2 1 1 27 1 1 2 1 14 527 1 1 3 1 1 11 3 2 2 1 1 1 2 5 2 1 3 10 1 1 4 1 1 1 1 1 1 15 3 4 6 2 3 1 5 1 3 1 2 1 2 3 182 7 3 4 918 1 1 5 2 9 2 2 3 2 2 1 1 4 3 9 
   Max Purity = [0.718,0.906] res:= 0.01
   Partition sizes: 2 1 1 1 1 1 1 1 2 2 1 1517 2 615 1 1 3 1 3 1 2 7 2 2 1 2 21 1 1 1 2 1 1 3 2 8 1 3 3 1 1 1 1 609 2 7 3 1 2 1 4 3 2 2 1 1 1 1 1 9 5 10 7 1 15 1 1 1 1 1 1 1 4 2 15 3 1 2 1 5 1 1 4 1 7 3 1 13 1 1 1 1 1078 3 3 2 1 1 6 1 2 1 1 3 1 1 2 3 1 1 1 1 2 1 27 1 1 1 3 1 2 1 1 2 1 2 1 1 1 10 1 2 11 1 14 4 1 1 3 1 1 1655 2 2 1 1 1 2 2 1 10 1 1 4 1 1 1 1 1 1 3 7 4 6 2 3 5 1 5 1 3 1 2 1 2 5 3 7 3 4 1 1 2 9 2 2 3 2 2 1 1 4 3 9 
MNIST: FL_ng_prop + 5 hops
   Max NMI = [0.706,0.586] res:= 0.06
   Partition sizes: 1 2 1 1 6 1 1 1 1 1 29 1 3 1 2 1 1 1 1 2 2 6 9 1 1 3 1 1 9 2 4 1 6 2 1 1 3 3 2 1 1 2 342 3 1 3 1 38 1 1 1 5 2 1 7 1 4 9 5 1 2 2 2 1 1 3 7 1 1 245 463 1 1 2 7 2 8 2 1 1 5 3 3 1 2 1 4 5 8 3 1 1 6 1 1 7 1 1 1 595 1 6 1 1 1 7 2 1 3 2 1 1 6 2 1 1 1 2 1 2 1 1 1 8 2 1 4 1 1 1 1 1 2 226 2 5 1 7 1 3 1 1 1 1 1 235 1 2 7 1 3 2 1 4 1 1 1 3 1 3 1 4 2 1 2 1 2 10 280 1 1 2 13 1 141 2 187 3 1 2 2 1 1 3 3 1 1 2 1 1 1 1 1 465 15 3 3 4 1 2 3 5 5 1 2 2 1 2 1 1 3 1 4 2 2 1 3 1 2 5 4 4 2 2 1 4 1 1 1 1 2 2 5 7 1 1 6 2 13 3 1 3 1 1 4 2 1 1 1 228 1 1 1 2 1 1 3 1 1 11 3 1 3 2 2 1 2 1 6 1 5 2 1 4 531 1 1 3 1 2 1 4 6 1 2 1 1 541 1 1 1 2 1 1 1 4 2 2 5 1 23 3 1 1 1 1 1 26 13 4 2 1 3 9 1 1 1 4 1 1 1 2 1 1 10 3 2 1 7 1 7 2 12 1 1 1 7 3 1 15 3 1 2 1 2 5 1 9 260 1 1 1 1 1 4 1 1 2 2 1 2 1 1 5 4 1 3 8 2 1 1 1 1 3 1 1 2 3 4 1 6 35 2 1 2 1 1 2 1 1 12 1 3 4 3 1 1 2 1 2 3 19 1 1 3 5 1 1 1 1 2 1 1 1 3 2 1 1 1 3 1 1 1 3 1 3 1 2 6 1 1 1 1 1 5 1 1 2 1 1 1 2 2 1 1 1 1 2 1 3 1 1 1 1 2 1 1 1 2 1 5 1 2 1 1 1 1 2 2 2 2 1 1 3 18 1 2 1 1 1 1 1 
   Max Purity = [0.681,0.718] res:= 0.01
   Partition sizes: 1 2 1 1 6 1 1 1 1 1 29 23 1 3 1 2 1 1 1 1 2 2 6 448 9 1 1 3 1 1 9 2 4 1 6 2 1 1 3 3 2 1 1 2 3 1 3 1 1 1 1 5 245 2 1 7 1 4 9 5 1 2 2 2 1 1 3 7 1 1 1 1 2 7 2 8 2 1 1 5 3 3 1 2 1 4 5 8 541 3 1 1 6 1 1 7 1 1 1 1 6 1 1 1 2 1 3 2 1 1 6 2 13 1 1 1 2 1 2 1 1 1 8 2 35 1 4 1 830 1 1 1 1 2 2 5 1 7 1 1 1 12 1 1 1 1 2 7 1 3 2 4 1 1 1 1 3 1 3 1 4 2 1 2 1 2 10 1 1 2 1 2 3 1 2 2 1 1 3 3 1 1 2 1 1 1 1 1 15 3 3 4 1 2 3 5 5 1 2 2 1 2 1 1 3 1 4 2 2 1 3 1 2 5 4 4 2 2 1 4 1 1 7 1 1 2 2 5 7 1 1 6 2 3 1 3 1 1 4 2 1 1 1 1 1 1 2 1 1 3 1 1 11 3 1 3 2 2 1 2 1 6 1 5 2 1 4 1 1 3 1 2 1 4 6 1 2 1 1 570 1 1 1 2 1 1 1 4 2 2 5 1 3 958 1 1 1 1 1 13 4 2 1 3 1 1 1 4 1 1 1 2 26 1 1 10 3 2 1 7 1 7 2 12 1 1 1 7 3 1 3 1 2 1 2 5 1 1 1 1 1 1 4 1 1 2 2 13 1 2 1 1 5 4 1 3 8 2 1 1 1 1 503 3 1 1 2 3 4 1 682 6 2 1 2 1 1 2 1 1 1 3 4 3 1 9 1 2 1 2 3 19 1 3 1 3 5 1 1 1 1 2 1 1 1 3 2 1 1 1 3 1 1 1 3 1 3 1 2 6 1 1 1 1 1 5 1 1 2 1 1 1 2 2 1 1 1 15 1 2 1 3 1 1 1 1 2 1 1 1 2 1 5 1 2 1 1 1 1 2 2 2 2 9 1 1 3 18 1 2 1 1 1 1 1 
MNIST: FL + log(n) hops
   Max NMI = [0.888,0.837] res:= 0.16
   Partition sizes: 442 213 1 1 1 1 1 5 698 4 2 661 3 7 1 2 207 434 6 10 1 1 2 34 7 2 4 626 447 9 1 357 1 2 1 643 10 2 13 1 7 185 142 1 9 10 1 1 172 6 600 2 
   Max Purity = [0.884,0.951] res:= 0.01
   Partition sizes: 1 1 1 1 1 5 698 4 2 661 3 7 1 2 1011 1038 6 10 1 1 2 7 2 4 9 1 1 2 1 643 10 626 2 13 1 7 142 1 9 10 1 1 6 1042 2 
MNIST: FL_ng + log(n) hops
   Max NMI = [0.817,0.797] res:= 0.06
   Partition sizes: 2 1 1 1 1 1 218 1 2 1 1 28 2 5 1 527 1 4 1 2 2 2 3 1 1 8 43 7 1 11 4 1 1 1 14 2 1 1 9 1 5 4 3 1 1 1 692 1 1 1 1 2 3 4 1 2 2 2 9 1 1 1 1 6 294 1 11 7 1 1 1 658 2 4 1 2 1 2 1 1 2 1 1 1 7 2 1 1 9 2 5 4 1 26 1 1 1 3 1 1 1 1 88 3 2 117 1 1 1 1 1 1 3 2 1 2 5 6 2 3 3 2 5 2 1 1 6 2 1 11 2 1 1 3 2 2 2 2 1 23 3 1 5 3 7 3 2 4 552 2 15 1 1 8 3 1 582 1 5 1 4 1 3 1 1 1 2 374 4 1 6 2 5 4 3 1 1 3 1 1 2 5 1 622 2 2 624 1 8 4 1 10 2 2 9 3 4 6 3 4 2 1 2 5 4 3 4 1 9 
   Max Purity = [0.801,0.865] res:= 0.01
   Partition sizes: 2 1 1 1 1 1 1 43 2 117 1 1 28 2 5 1 1 4 1 2 2 2 3 1 1 8 7 1 11 4 1 1 1 14 2 1 1 9 1 5 4 1 1 1 1 1 998 1 1 2 3 4 1 2 2 2 1 1 1 1 6 1 11 7 1 1 1 2 1 2 1 2 1 1 2 1 1 1 552 7 2 1 1 9 2 5 4 1 26 1 1 1 3 1 1 1 1 3 2 3 1 1 1 1 1 1 3 2 1 2 5 6 2 3 3 2 5 2 1 1 6 2 1 2 1 1 3 2 2 2 2 1 23 3 1 5 3 7 3 2 909 4 11 2 15 1 1 8 3 9 1 582 1 5 1 4 1 3 658 1 1 910 1 2 4 1 6 2 5 4 3 1 1 3 1 1 2 5 1 622 2 2 1 8 4 1 10 2 2 9 3 4 6 3 4 2 1 2 5 4 3 4 4 1 9 
MNIST: FL_ng_prop + log(n) hops
