True Labels: [0, 1, 2, 3, 4, 5, 6, 7, 8, 9, 10, 11, 12, 13, 14, 15, 16, 17, 18, 19, ] # of Comms: 20
20NewsGroups_tfdif (All nodes): Louv
   Max NMI = [0.337,0.448] res:= 1.91
   Partition sizes: [17, 35, 102, 70, 27, 21, 158, 33, 79, 209, 17, 34, 24, 135, 133, 31, 17, 20, 77, 55, 123, 53, 17, 19, 14, 98, 13, 37, 37, 122, 16, 28, 19, 11, 12, 49, 13, 40, 38, 80, 37, 64, 16, 15, 12, 47, 25, 34, 19, 19, 33, 38, 23, 37, 127, 213, 20, 56, 26, 48, 13, 67, 160, 24, 97, 12, 104, 23, 18, 15, 97, 17, 57, 18, 622, 13, 32, 15, 78, 173, 14, 28, 47, 69, 16, 55, 25, 64, 17, 16, 51, 55, 14, 32, 17, 18, 102, 93, 46, 13, 148, 49, 121, 17, 23, 74, 13, 84, 16, 26, 19, 74, 54, 107, 11, 56, 173, 21, 12, 47, 14, 47, 22, 19, 13, 14, 14, 16, 11, 61, 32, 70, 129, 16, 16, 53, 39, 16, 303, 25, 68, 18, 58, 86, 24, 26, 18, 41, 107, 12, 58, 54, 51, 14, 89, 34, 13, 33, 83, 74, 57, 75, 17, 180, 16, 54, 41, 24, 16, 117, 30, 13, 112, 36, 32, 57, 81, 149, 55, 16, 18, 14, 116, 191, 15, 135, 48, 54, 67, 13, 32, 18, 105, 94, 44, 165, 66, 11, ] # of comm: 198
   Max Purity = [0.337,0.448] res:= 1.91
   Partition sizes: [17, 35, 102, 70, 27, 21, 158, 33, 79, 209, 17, 34, 24, 135, 133, 31, 17, 20, 77, 55, 123, 53, 17, 19, 14, 98, 13, 37, 37, 122, 16, 28, 19, 11, 12, 49, 13, 40, 38, 80, 37, 64, 16, 15, 12, 47, 25, 34, 19, 19, 33, 38, 23, 37, 127, 213, 20, 56, 26, 48, 13, 67, 160, 24, 97, 12, 104, 23, 18, 15, 97, 17, 57, 18, 622, 13, 32, 15, 78, 173, 14, 28, 47, 69, 16, 55, 25, 64, 17, 16, 51, 55, 14, 32, 17, 18, 102, 93, 46, 13, 148, 49, 121, 17, 23, 74, 13, 84, 16, 26, 19, 74, 54, 107, 11, 56, 173, 21, 12, 47, 14, 47, 22, 19, 13, 14, 14, 16, 11, 61, 32, 70, 129, 16, 16, 53, 39, 16, 303, 25, 68, 18, 58, 86, 24, 26, 18, 41, 107, 12, 58, 54, 51, 14, 89, 34, 13, 33, 83, 74, 57, 75, 17, 180, 16, 54, 41, 24, 16, 117, 30, 13, 112, 36, 32, 57, 81, 149, 55, 16, 18, 14, 116, 191, 15, 135, 48, 54, 67, 13, 32, 18, 105, 94, 44, 165, 66, 11, ] # of comm: 198
20NewsGroups_tfdif(All nodes): FL + Cust2
   Max NMI = [0.317,0.409] res:= 1.81
   Partition sizes: [17, 55, 35, 107, 27, 47, 21, 97, 80, 17, 34, 24, 31, 17, 20, 193, 53, 17, 19, 14, 13, 23, 37, 37, 16, 48, 30, 19, 11, 12, 49, 38, 25, 75, 16, 15, 12, 47, 117, 25, 19, 19, 18, 280, 14, 39, 20, 54, 171, 13, 26, 13, 283, 105, 18, 15, 216, 34, 18, 13, 15, 200, 243, 25, 14, 23, 28, 16, 158, 18, 64, 17, 16, 276, 102, 14, 34, 17, 18, 46, 155, 17, 13, 84, 16, 481, 19, 11, 56, 53, 18, 57, 404, 21, 12, 14, 83, 19, 13, 14, 14, 16, 11, 61, 24, 16, 95, 166, 16, 18, 74, 24, 26, 33, 25, 12, 73, 84, 14, 32, 13, 155, 125, 17, 16, 22, 54, 24, 16, 141, 13, 112, 106, 135, 292, 66, 52, 16, 312, 150, 15, 48, 40, 49, 13, 55, 117, 1381, 130, 119, 98, 180, 13, 55, 32, 11, ] # of comm: 156
   Max Purity = [0.317,0.409] res:= 1.81
   Partition sizes: [17, 55, 35, 107, 27, 47, 21, 97, 80, 17, 34, 24, 31, 17, 20, 193, 53, 17, 19, 14, 13, 23, 37, 37, 16, 48, 30, 19, 11, 12, 49, 38, 25, 75, 16, 15, 12, 47, 117, 25, 19, 19, 18, 280, 14, 39, 20, 54, 171, 13, 26, 13, 283, 105, 18, 15, 216, 34, 18, 13, 15, 200, 243, 25, 14, 23, 28, 16, 158, 18, 64, 17, 16, 276, 102, 14, 34, 17, 18, 46, 155, 17, 13, 84, 16, 481, 19, 11, 56, 53, 18, 57, 404, 21, 12, 14, 83, 19, 13, 14, 14, 16, 11, 61, 24, 16, 95, 166, 16, 18, 74, 24, 26, 33, 25, 12, 73, 84, 14, 32, 13, 155, 125, 17, 16, 22, 54, 24, 16, 141, 13, 112, 106, 135, 292, 66, 52, 16, 312, 150, 15, 48, 40, 49, 13, 55, 117, 1381, 130, 119, 98, 180, 13, 55, 32, 11, ] # of comm: 156
20NewsGroups_tfdif(All nodes): FL + Cust6
   Max NMI = [0.32,0.417] res:= 1.91
   Partition sizes: [17, 48, 152, 35, 70, 27, 47, 21, 18, 22, 80, 17, 34, 214, 24, 31, 17, 20, 193, 53, 17, 19, 14, 13, 37, 37, 125, 16, 48, 19, 11, 12, 49, 38, 16, 15, 12, 47, 25, 19, 19, 153, 158, 117, 23, 14, 39, 232, 20, 54, 26, 13, 133, 24, 118, 622, 105, 37, 13, 18, 15, 342, 120, 18, 13, 15, 200, 141, 14, 28, 69, 16, 25, 13, 64, 17, 119, 16, 276, 102, 14, 34, 17, 18, 46, 24, 17, 23, 106, 112, 13, 213, 18, 81, 16, 199, 19, 123, 187, 11, 56, 53, 18, 21, 12, 14, 127, 83, 19, 13, 14, 14, 16, 11, 32, 16, 1162, 95, 55, 16, 84, 227, 26, 33, 130, 32, 98, 12, 368, 84, 64, 54, 14, 34, 13, 17, 66, 16, 54, 24, 16, 61, 30, 25, 73, 74, 117, 16, 18, 22, 57, 15, 25, 40, 49, 13, 112, 150, 75, 32, 11, ] # of comm: 161
   Max Purity = [0.32,0.417] res:= 1.91
   Partition sizes: [17, 48, 152, 35, 70, 27, 47, 21, 18, 22, 80, 17, 34, 214, 24, 31, 17, 20, 193, 53, 17, 19, 14, 13, 37, 37, 125, 16, 48, 19, 11, 12, 49, 38, 16, 15, 12, 47, 25, 19, 19, 153, 158, 117, 23, 14, 39, 232, 20, 54, 26, 13, 133, 24, 118, 622, 105, 37, 13, 18, 15, 342, 120, 18, 13, 15, 200, 141, 14, 28, 69, 16, 25, 13, 64, 17, 119, 16, 276, 102, 14, 34, 17, 18, 46, 24, 17, 23, 106, 112, 13, 213, 18, 81, 16, 199, 19, 123, 187, 11, 56, 53, 18, 21, 12, 14, 127, 83, 19, 13, 14, 14, 16, 11, 32, 16, 1162, 95, 55, 16, 84, 227, 26, 33, 130, 32, 98, 12, 368, 84, 64, 54, 14, 34, 13, 17, 66, 16, 54, 24, 16, 61, 30, 25, 73, 74, 117, 16, 18, 22, 57, 15, 25, 40, 49, 13, 112, 150, 75, 32, 11, ] # of comm: 161
20NewsGroups_tfdif(All nodes): FL + Cust11
   Max NMI = [0.342,0.457] res:= 1.91
   Partition sizes: [17, 48, 35, 74, 12, 27, 56, 47, 21, 44, 36, 17, 11, 24, 34, 55, 31, 17, 20, 105, 53, 12, 17, 19, 14, 13, 23, 22, 37, 16, 28, 112, 48, 104, 23, 19, 11, 12, 80, 49, 13, 38, 80, 37, 41, 25, 75, 16, 15, 12, 47, 25, 34, 19, 19, 196, 16, 14, 39, 55, 20, 128, 56, 26, 157, 13, 82, 35, 24, 22, 130, 113, 97, 146, 93, 18, 15, 81, 17, 80, 627, 18, 13, 40, 15, 340, 70, 78, 86, 22, 14, 23, 28, 119, 57, 69, 16, 55, 13, 119, 18, 64, 17, 16, 209, 132, 14, 32, 17, 34, 18, 97, 46, 24, 177, 13, 17, 208, 13, 60, 18, 23, 16, 26, 126, 55, 19, 123, 74, 54, 121, 11, 29, 21, 70, 12, 14, 122, 35, 38, 19, 13, 14, 14, 16, 11, 32, 51, 129, 16, 24, 24, 16, 89, 162, 45, 58, 26, 18, 33, 42, 57, 25, 133, 12, 74, 54, 14, 98, 13, 57, 17, 25, 16, 54, 41, 16, 67, 30, 32, 193, 16, 51, 68, 36, 97, 58, 15, 40, 11, 37, 13, 122, 61, 77, 72, 33, 158, 18, 49, 93, 44, 68, 32, 66, 11, 16, ] # of comm: 207
   Max Purity = [0.342,0.457] res:= 1.91
   Partition sizes: [17, 48, 35, 74, 12, 27, 56, 47, 21, 44, 36, 17, 11, 24, 34, 55, 31, 17, 20, 105, 53, 12, 17, 19, 14, 13, 23, 22, 37, 16, 28, 112, 48, 104, 23, 19, 11, 12, 80, 49, 13, 38, 80, 37, 41, 25, 75, 16, 15, 12, 47, 25, 34, 19, 19, 196, 16, 14, 39, 55, 20, 128, 56, 26, 157, 13, 82, 35, 24, 22, 130, 113, 97, 146, 93, 18, 15, 81, 17, 80, 627, 18, 13, 40, 15, 340, 70, 78, 86, 22, 14, 23, 28, 119, 57, 69, 16, 55, 13, 119, 18, 64, 17, 16, 209, 132, 14, 32, 17, 34, 18, 97, 46, 24, 177, 13, 17, 208, 13, 60, 18, 23, 16, 26, 126, 55, 19, 123, 74, 54, 121, 11, 29, 21, 70, 12, 14, 122, 35, 38, 19, 13, 14, 14, 16, 11, 32, 51, 129, 16, 24, 24, 16, 89, 162, 45, 58, 26, 18, 33, 42, 57, 25, 133, 12, 74, 54, 14, 98, 13, 57, 17, 25, 16, 54, 41, 16, 67, 30, 32, 193, 16, 51, 68, 36, 97, 58, 15, 40, 11, 37, 13, 122, 61, 77, 72, 33, 158, 18, 49, 93, 44, 68, 32, 66, 11, 16, ] # of comm: 207
20NewsGroups_tfdif(All nodes): FL_ng + Cust2
   Max NMI = [0.32,0.421] res:= 1.81
   Partition sizes: [17, 48, 152, 35, 27, 47, 21, 17, 34, 11, 24, 23, 17, 20, 191, 53, 17, 19, 14, 13, 37, 16, 48, 55, 30, 19, 11, 12, 64, 49, 69, 38, 49, 31, 25, 75, 16, 15, 12, 47, 25, 19, 19, 18, 197, 119, 14, 39, 20, 54, 13, 262, 26, 33, 13, 222, 104, 54, 18, 15, 81, 31, 158, 34, 18, 13, 40, 15, 25, 14, 107, 28, 187, 16, 17, 119, 16, 132, 25, 203, 14, 34, 622, 17, 18, 46, 24, 17, 23, 262, 53, 13, 200, 16, 66, 19, 189, 281, 11, 56, 18, 84, 21, 12, 14, 54, 35, 19, 13, 14, 14, 16, 11, 24, 16, 14, 68, 16, 782, 83, 18, 74, 141, 26, 57, 361, 23, 135, 182, 12, 98, 180, 80, 14, 32, 13, 103, 33, 53, 55, 17, 16, 24, 16, 61, 13, 73, 106, 16, 18, 64, 37, 112, 15, 54, 150, 13, 122, 117, 32, 158, 128, 286, 45, 125, 11, ] # of comm: 166
   Max Purity = [0.32,0.421] res:= 1.81
   Partition sizes: [17, 48, 152, 35, 27, 47, 21, 17, 34, 11, 24, 23, 17, 20, 191, 53, 17, 19, 14, 13, 37, 16, 48, 55, 30, 19, 11, 12, 64, 49, 69, 38, 49, 31, 25, 75, 16, 15, 12, 47, 25, 19, 19, 18, 197, 119, 14, 39, 20, 54, 13, 262, 26, 33, 13, 222, 104, 54, 18, 15, 81, 31, 158, 34, 18, 13, 40, 15, 25, 14, 107, 28, 187, 16, 17, 119, 16, 132, 25, 203, 14, 34, 622, 17, 18, 46, 24, 17, 23, 262, 53, 13, 200, 16, 66, 19, 189, 281, 11, 56, 18, 84, 21, 12, 14, 54, 35, 19, 13, 14, 14, 16, 11, 24, 16, 14, 68, 16, 782, 83, 18, 74, 141, 26, 57, 361, 23, 135, 182, 12, 98, 180, 80, 14, 32, 13, 103, 33, 53, 55, 17, 16, 24, 16, 61, 13, 73, 106, 16, 18, 64, 37, 112, 15, 54, 150, 13, 122, 117, 32, 158, 128, 286, 45, 125, 11, ] # of comm: 166
20NewsGroups_tfdif(All nodes): FL_ng + Cust6
   Max NMI = [0.323,0.422] res:= 1.91
   Partition sizes: [17, 48, 22, 35, 27, 21, 14, 17, 13, 24, 117, 17, 20, 17, 19, 14, 13, 23, 271, 37, 112, 16, 112, 54, 48, 19, 11, 12, 23, 64, 49, 70, 69, 38, 104, 80, 49, 37, 31, 25, 53, 45, 16, 15, 12, 47, 119, 74, 25, 34, 19, 19, 18, 236, 14, 39, 20, 128, 54, 26, 13, 117, 57, 254, 622, 104, 54, 18, 15, 81, 31, 18, 13, 40, 15, 692, 122, 24, 14, 23, 294, 28, 113, 16, 97, 17, 16, 132, 14, 47, 74, 17, 18, 129, 46, 158, 17, 227, 70, 13, 78, 16, 19, 28, 11, 56, 53, 75, 18, 193, 21, 12, 14, 66, 19, 13, 14, 14, 16, 11, 135, 16, 133, 175, 55, 16, 214, 68, 18, 24, 26, 218, 30, 12, 123, 84, 14, 32, 89, 34, 13, 33, 17, 141, 16, 73, 16, 262, 61, 13, 25, 74, 36, 74, 55, 16, 18, 64, 37, 15, 25, 40, 13, 122, 191, 105, 150, 84, 98, 32, 11, 24, ] # of comm: 172
   Max Purity = [0.323,0.422] res:= 1.91
   Partition sizes: [17, 48, 22, 35, 27, 21, 14, 17, 13, 24, 117, 17, 20, 17, 19, 14, 13, 23, 271, 37, 112, 16, 112, 54, 48, 19, 11, 12, 23, 64, 49, 70, 69, 38, 104, 80, 49, 37, 31, 25, 53, 45, 16, 15, 12, 47, 119, 74, 25, 34, 19, 19, 18, 236, 14, 39, 20, 128, 54, 26, 13, 117, 57, 254, 622, 104, 54, 18, 15, 81, 31, 18, 13, 40, 15, 692, 122, 24, 14, 23, 294, 28, 113, 16, 97, 17, 16, 132, 14, 47, 74, 17, 18, 129, 46, 158, 17, 227, 70, 13, 78, 16, 19, 28, 11, 56, 53, 75, 18, 193, 21, 12, 14, 66, 19, 13, 14, 14, 16, 11, 135, 16, 133, 175, 55, 16, 214, 68, 18, 24, 26, 218, 30, 12, 123, 84, 14, 32, 89, 34, 13, 33, 17, 141, 16, 73, 16, 262, 61, 13, 25, 74, 36, 74, 55, 16, 18, 64, 37, 15, 25, 40, 13, 122, 191, 105, 150, 84, 98, 32, 11, 24, ] # of comm: 172
20NewsGroups_tfdif(All nodes): FL_ng + Cust11
   Max NMI = [0.344,0.459] res:= 1.91
   Partition sizes: [17, 75, 24, 27, 56, 47, 21, 44, 209, 17, 34, 172, 13, 24, 45, 35, 144, 17, 20, 104, 36, 88, 35, 53, 17, 19, 14, 158, 13, 23, 37, 37, 56, 55, 16, 112, 54, 48, 104, 23, 19, 11, 77, 12, 33, 49, 70, 55, 38, 80, 40, 74, 37, 31, 93, 16, 15, 12, 47, 139, 25, 34, 19, 19, 18, 22, 16, 38, 23, 14, 39, 210, 20, 54, 67, 26, 13, 82, 60, 165, 98, 151, 24, 24, 37, 54, 12, 18, 15, 81, 97, 71, 28, 41, 18, 13, 58, 15, 78, 173, 14, 28, 123, 69, 16, 97, 25, 18, 64, 17, 16, 130, 55, 627, 14, 32, 30, 17, 102, 18, 46, 24, 102, 17, 21, 13, 16, 19, 92, 58, 28, 39, 11, 29, 75, 21, 56, 12, 47, 14, 122, 19, 13, 14, 14, 16, 11, 32, 16, 24, 16, 319, 47, 22, 18, 58, 85, 18, 25, 86, 133, 98, 12, 41, 34, 74, 103, 26, 14, 89, 34, 13, 17, 33, 68, 17, 25, 66, 16, 16, 61, 119, 13, 36, 32, 54, 16, 86, 51, 191, 15, 48, 35, 40, 22, 13, 22, 129, 49, 72, 44, 68, 32, 173, 103, 11, 26, 31, ] # of comm: 208
   Max Purity = [0.344,0.459] res:= 1.91
   Partition sizes: [17, 75, 24, 27, 56, 47, 21, 44, 209, 17, 34, 172, 13, 24, 45, 35, 144, 17, 20, 104, 36, 88, 35, 53, 17, 19, 14, 158, 13, 23, 37, 37, 56, 55, 16, 112, 54, 48, 104, 23, 19, 11, 77, 12, 33, 49, 70, 55, 38, 80, 40, 74, 37, 31, 93, 16, 15, 12, 47, 139, 25, 34, 19, 19, 18, 22, 16, 38, 23, 14, 39, 210, 20, 54, 67, 26, 13, 82, 60, 165, 98, 151, 24, 24, 37, 54, 12, 18, 15, 81, 97, 71, 28, 41, 18, 13, 58, 15, 78, 173, 14, 28, 123, 69, 16, 97, 25, 18, 64, 17, 16, 130, 55, 627, 14, 32, 30, 17, 102, 18, 46, 24, 102, 17, 21, 13, 16, 19, 92, 58, 28, 39, 11, 29, 75, 21, 56, 12, 47, 14, 122, 19, 13, 14, 14, 16, 11, 32, 16, 24, 16, 319, 47, 22, 18, 58, 85, 18, 25, 86, 133, 98, 12, 41, 34, 74, 103, 26, 14, 89, 34, 13, 17, 33, 68, 17, 25, 66, 16, 16, 61, 119, 13, 36, 32, 54, 16, 86, 51, 191, 15, 48, 35, 40, 22, 13, 22, 129, 49, 72, 44, 68, 32, 173, 103, 11, 26, 31, ] # of comm: 208
20NewsGroups_tfdif(All nodes): FL_ng_prop + Cust2
   Max NMI = [0.323,0.422] res:= 1.51
   Partition sizes: [17, 48, 35, 124, 27, 21, 74, 17, 24, 34, 17, 20, 53, 17, 19, 14, 13, 37, 200, 16, 48, 19, 11, 12, 64, 49, 38, 134, 80, 31, 25, 16, 66, 15, 12, 47, 119, 25, 13, 19, 19, 132, 171, 14, 112, 224, 20, 128, 26, 13, 18, 222, 39, 104, 54, 18, 15, 54, 180, 18, 13, 32, 15, 25, 14, 23, 107, 28, 276, 69, 16, 158, 17, 16, 55, 122, 14, 47, 34, 622, 17, 18, 33, 46, 24, 40, 17, 56, 23, 106, 166, 13, 84, 16, 199, 19, 54, 11, 56, 53, 18, 938, 21, 12, 14, 19, 13, 14, 208, 14, 16, 11, 61, 24, 189, 16, 68, 39, 16, 32, 25, 83, 18, 74, 26, 239, 116, 53, 30, 12, 55, 84, 14, 32, 117, 34, 98, 13, 33, 150, 129, 75, 17, 16, 215, 73, 16, 13, 225, 132, 55, 16, 18, 64, 15, 37, 13, 141, 129, 49, 94, 45, 125, 11, 51, 81, ] # of comm: 166
   Max Purity = [0.322,0.423] res:= 1.91
   Partition sizes: [17, 35, 119, 70, 27, 21, 36, 17, 34, 11, 24, 17, 20, 24, 180, 53, 12, 17, 19, 14, 13, 37, 55, 198, 200, 16, 48, 19, 11, 12, 64, 49, 38, 40, 80, 31, 25, 16, 15, 12, 47, 25, 13, 34, 19, 19, 18, 158, 131, 119, 14, 112, 20, 54, 276, 26, 13, 622, 54, 18, 224, 15, 81, 18, 13, 124, 88, 15, 647, 25, 14, 23, 84, 37, 28, 69, 16, 152, 17, 16, 132, 14, 47, 17, 18, 51, 46, 154, 17, 23, 13, 16, 223, 19, 11, 56, 53, 75, 18, 295, 21, 166, 12, 14, 33, 19, 13, 14, 14, 16, 11, 61, 104, 70, 134, 16, 189, 95, 55, 39, 16, 32, 83, 18, 141, 24, 122, 26, 98, 125, 25, 30, 117, 12, 53, 54, 14, 32, 34, 13, 129, 158, 17, 16, 33, 73, 16, 13, 74, 66, 35, 16, 18, 150, 64, 84, 15, 48, 40, 37, 227, 49, 13, 191, 116, 128, 119, 222, 11, 24, ] # of comm: 170
20NewsGroups_tfdif(All nodes): FL_ng_prop + Cust6
   Max NMI = [0.328,0.431] res:= 1.91
   Partition sizes: [122, 17, 48, 35, 74, 27, 21, 17, 11, 14, 24, 34, 17, 20, 53, 17, 19, 14, 13, 23, 37, 37, 243, 112, 198, 16, 48, 19, 11, 12, 64, 49, 70, 38, 80, 64, 31, 25, 534, 75, 16, 15, 12, 47, 119, 104, 25, 34, 19, 19, 18, 132, 232, 158, 23, 14, 20, 54, 56, 26, 13, 72, 39, 622, 54, 110, 18, 15, 135, 17, 124, 123, 18, 13, 40, 15, 25, 162, 14, 37, 28, 69, 16, 17, 94, 16, 154, 14, 47, 73, 17, 18, 136, 46, 17, 70, 239, 13, 61, 16, 189, 207, 19, 28, 11, 56, 53, 18, 21, 12, 14, 128, 83, 19, 13, 14, 14, 16, 11, 24, 32, 104, 16, 22, 95, 39, 16, 32, 18, 74, 121, 24, 26, 25, 30, 12, 74, 77, 104, 14, 89, 34, 98, 13, 33, 158, 17, 16, 33, 24, 16, 262, 141, 13, 112, 36, 66, 35, 55, 16, 18, 51, 134, 32, 114, 58, 15, 40, 150, 13, 49, 45, 55, 222, 11, 97, 280, ] # of comm: 177
   Max Purity = [0.328,0.431] res:= 1.81
   Partition sizes: [122, 17, 48, 35, 74, 27, 162, 21, 17, 11, 14, 24, 34, 17, 20, 53, 17, 19, 14, 13, 23, 37, 37, 243, 112, 198, 16, 48, 19, 11, 12, 64, 49, 70, 38, 80, 64, 31, 25, 610, 75, 16, 15, 12, 47, 119, 104, 25, 34, 19, 19, 18, 132, 232, 158, 23, 14, 20, 54, 56, 26, 13, 114, 622, 54, 159, 18, 15, 135, 17, 124, 123, 18, 13, 40, 15, 25, 14, 37, 28, 69, 16, 17, 94, 16, 154, 14, 47, 73, 17, 18, 136, 23, 46, 17, 70, 129, 13, 61, 16, 189, 207, 19, 28, 11, 56, 53, 18, 21, 12, 14, 128, 83, 19, 13, 14, 14, 16, 11, 24, 32, 104, 16, 22, 95, 39, 16, 32, 18, 74, 121, 24, 26, 25, 30, 12, 74, 77, 104, 14, 89, 34, 98, 13, 239, 33, 158, 17, 16, 33, 24, 16, 262, 141, 13, 112, 36, 66, 35, 55, 16, 18, 51, 134, 32, 114, 58, 15, 40, 150, 13, 49, 45, 55, 222, 11, 97, ] # of comm: 177
20NewsGroups_tfdif(All nodes): FL_ng_prop + Cust11
   Max NMI = [0.341,0.454] res:= 1.91
   Partition sizes: [17, 48, 54, 35, 24, 27, 21, 80, 44, 34, 17, 173, 13, 24, 35, 17, 20, 17, 19, 14, 13, 37, 122, 104, 16, 54, 19, 11, 12, 33, 64, 49, 69, 40, 38, 37, 31, 25, 53, 16, 15, 12, 47, 25, 88, 34, 19, 19, 18, 16, 38, 23, 14, 112, 20, 54, 74, 26, 48, 13, 113, 51, 24, 54, 161, 18, 174, 15, 81, 56, 120, 34, 28, 41, 18, 13, 15, 366, 70, 78, 14, 28, 209, 16, 97, 55, 18, 17, 16, 51, 55, 101, 14, 44, 17, 18, 104, 51, 46, 24, 54, 158, 49, 17, 23, 21, 13, 84, 23, 16, 26, 19, 121, 11, 56, 29, 21, 55, 12, 47, 14, 33, 93, 19, 13, 14, 33, 14, 16, 11, 61, 32, 56, 16, 39, 16, 47, 133, 96, 69, 57, 68, 18, 191, 18, 629, 22, 92, 98, 12, 34, 74, 103, 23, 14, 13, 152, 82, 88, 25, 75, 17, 25, 16, 24, 41, 16, 67, 86, 119, 30, 13, 32, 36, 32, 58, 123, 16, 32, 17, 15, 133, 11, 37, 22, 68, 13, 92, 66, 114, 89, 77, 22, 129, 93, 58, 202, 72, 140, 32, 169, 34, 11, 26, ] # of comm: 204
   Max Purity = [0.34,0.456] res:= 1.81
   Partition sizes: [17, 48, 54, 35, 27, 21, 80, 44, 34, 17, 11, 13, 24, 23, 17, 20, 17, 19, 14, 13, 23, 22, 37, 187, 104, 16, 54, 19, 11, 12, 80, 49, 69, 40, 38, 37, 31, 25, 53, 16, 15, 12, 47, 25, 67, 34, 19, 19, 158, 22, 16, 38, 14, 112, 93, 174, 20, 54, 74, 26, 48, 13, 82, 84, 163, 107, 24, 119, 54, 18, 15, 81, 56, 88, 98, 34, 41, 18, 13, 78, 15, 122, 70, 25, 14, 28, 123, 68, 16, 97, 55, 18, 64, 17, 16, 51, 209, 14, 32, 17, 18, 104, 46, 24, 162, 49, 17, 21, 13, 129, 23, 16, 153, 19, 88, 28, 11, 56, 29, 75, 169, 21, 103, 55, 12, 14, 33, 66, 22, 19, 13, 14, 14, 16, 11, 161, 32, 56, 16, 24, 327, 39, 16, 47, 133, 47, 89, 22, 18, 58, 33, 130, 18, 92, 44, 98, 624, 133, 12, 23, 26, 14, 13, 35, 57, 74, 25, 17, 51, 16, 41, 16, 61, 119, 30, 13, 36, 32, 57, 58, 155, 16, 36, 152, 15, 54, 11, 37, 68, 13, 92, 58, 35, 102, 18, 77, 93, 72, 55, 32, 34, 11, 26, 86, ] # of comm: 204
20NewsGroups_tfdif (All nodes): PageRank + Cust2
   Max NMI = [0.343,0.457] res:= 1.91
   Partition sizes: [17, 35, 102, 70, 24, 27, 47, 21, 80, 44, 17, 34, 209, 11, 13, 24, 45, 17, 20, 104, 53, 12, 17, 19, 14, 13, 23, 71, 37, 104, 16, 54, 48, 19, 11, 12, 23, 64, 49, 38, 13, 69, 37, 31, 104, 25, 16, 15, 12, 47, 153, 25, 19, 19, 18, 158, 33, 16, 38, 61, 14, 55, 197, 20, 127, 54, 56, 26, 13, 83, 165, 24, 37, 113, 97, 54, 99, 18, 15, 17, 32, 34, 41, 18, 13, 40, 15, 78, 57, 14, 28, 16, 17, 16, 55, 14, 34, 74, 17, 18, 46, 40, 175, 49, 17, 148, 102, 13, 16, 26, 55, 19, 58, 47, 28, 11, 56, 75, 18, 191, 21, 12, 14, 22, 122, 70, 19, 13, 14, 14, 16, 11, 32, 51, 90, 130, 16, 29, 39, 16, 133, 343, 68, 18, 58, 86, 102, 24, 26, 33, 622, 35, 89, 12, 77, 23, 51, 14, 13, 67, 97, 21, 57, 17, 88, 25, 186, 16, 36, 41, 35, 16, 67, 61, 119, 30, 13, 112, 25, 32, 36, 81, 190, 74, 55, 16, 35, 18, 51, 57, 15, 134, 48, 37, 13, 94, 32, 84, 209, 98, 44, 66, 11, ] # of comm: 203
   Max Purity = [0.343,0.457] res:= 1.91
   Partition sizes: [17, 35, 102, 70, 24, 27, 47, 21, 80, 44, 17, 34, 209, 11, 13, 24, 45, 17, 20, 104, 53, 12, 17, 19, 14, 13, 23, 71, 37, 104, 16, 54, 48, 19, 11, 12, 23, 64, 49, 38, 13, 69, 37, 31, 104, 25, 16, 15, 12, 47, 153, 25, 19, 19, 18, 158, 33, 16, 38, 61, 14, 55, 197, 20, 127, 54, 56, 26, 13, 83, 165, 24, 37, 113, 97, 54, 99, 18, 15, 17, 32, 34, 41, 18, 13, 40, 15, 78, 57, 14, 28, 16, 17, 16, 55, 14, 34, 74, 17, 18, 46, 40, 175, 49, 17, 148, 102, 13, 16, 26, 55, 19, 58, 47, 28, 11, 56, 75, 18, 191, 21, 12, 14, 22, 122, 70, 19, 13, 14, 14, 16, 11, 32, 51, 90, 130, 16, 29, 39, 16, 133, 343, 68, 18, 58, 86, 102, 24, 26, 33, 622, 35, 89, 12, 77, 23, 51, 14, 13, 67, 97, 21, 57, 17, 88, 25, 186, 16, 36, 41, 35, 16, 67, 61, 119, 30, 13, 112, 25, 32, 36, 81, 190, 74, 55, 16, 35, 18, 51, 57, 15, 134, 48, 37, 13, 94, 32, 84, 209, 98, 44, 66, 11, ] # of comm: 203
20NewsGroups_tfdif (All nodes): PageRank + Cust6
   Max NMI = [0.339,0.452] res:= 1.91
   Partition sizes: [17, 55, 35, 127, 24, 27, 47, 21, 33, 34, 17, 11, 24, 133, 31, 17, 20, 55, 17, 19, 14, 13, 23, 71, 37, 166, 16, 54, 19, 11, 12, 64, 49, 70, 38, 40, 80, 37, 41, 104, 105, 25, 53, 16, 15, 12, 47, 25, 57, 34, 19, 19, 18, 197, 14, 39, 37, 20, 54, 26, 48, 13, 24, 22, 190, 150, 54, 12, 18, 31, 15, 56, 32, 34, 18, 13, 15, 259, 22, 14, 23, 28, 209, 16, 158, 17, 16, 55, 14, 32, 17, 80, 122, 18, 97, 102, 46, 24, 13, 49, 17, 74, 112, 13, 84, 81, 78, 23, 16, 26, 55, 66, 19, 44, 191, 107, 11, 56, 75, 18, 58, 21, 12, 47, 14, 38, 19, 13, 14, 14, 16, 11, 61, 116, 70, 16, 29, 68, 16, 47, 175, 57, 18, 16, 26, 33, 57, 622, 89, 135, 12, 69, 14, 32, 13, 28, 83, 17, 57, 25, 35, 99, 16, 74, 41, 36, 123, 16, 67, 117, 30, 13, 25, 58, 36, 74, 97, 148, 16, 18, 27, 23, 15, 48, 40, 37, 67, 13, 122, 206, 32, 130, 94, 77, 98, 44, 104, 156, 11, 86, 165, ] # of comm: 201
   Max Purity = [0.339,0.452] res:= 1.91
   Partition sizes: [17, 55, 35, 127, 24, 27, 47, 21, 33, 34, 17, 11, 24, 133, 31, 17, 20, 55, 17, 19, 14, 13, 23, 71, 37, 166, 16, 54, 19, 11, 12, 64, 49, 70, 38, 40, 80, 37, 41, 104, 105, 25, 53, 16, 15, 12, 47, 25, 57, 34, 19, 19, 18, 197, 14, 39, 37, 20, 54, 26, 48, 13, 24, 22, 190, 150, 54, 12, 18, 31, 15, 56, 32, 34, 18, 13, 15, 259, 22, 14, 23, 28, 209, 16, 158, 17, 16, 55, 14, 32, 17, 80, 122, 18, 97, 102, 46, 24, 13, 49, 17, 74, 112, 13, 84, 81, 78, 23, 16, 26, 55, 66, 19, 44, 191, 107, 11, 56, 75, 18, 58, 21, 12, 47, 14, 38, 19, 13, 14, 14, 16, 11, 61, 116, 70, 16, 29, 68, 16, 47, 175, 57, 18, 16, 26, 33, 57, 622, 89, 135, 12, 69, 14, 32, 13, 28, 83, 17, 57, 25, 35, 99, 16, 74, 41, 36, 123, 16, 67, 117, 30, 13, 25, 58, 36, 74, 97, 148, 16, 18, 27, 23, 15, 48, 40, 37, 67, 13, 122, 206, 32, 130, 94, 77, 98, 44, 104, 156, 11, 86, 165, ] # of comm: 201
20NewsGroups_tfdif (All nodes): PageRank + Cust11
   Max NMI = [0.34,0.455] res:= 1.91
   Partition sizes: [17, 48, 55, 35, 27, 21, 34, 17, 174, 11, 24, 35, 31, 17, 20, 104, 88, 17, 19, 14, 13, 23, 37, 37, 189, 122, 16, 28, 112, 48, 104, 19, 11, 12, 33, 49, 70, 69, 38, 80, 40, 74, 47, 104, 25, 53, 16, 15, 12, 47, 25, 68, 34, 19, 19, 18, 211, 86, 16, 14, 39, 93, 20, 34, 26, 13, 72, 74, 24, 37, 144, 98, 18, 78, 15, 81, 56, 57, 18, 13, 15, 314, 25, 49, 41, 14, 23, 37, 28, 16, 56, 55, 64, 17, 16, 51, 114, 133, 55, 14, 17, 102, 18, 122, 46, 24, 13, 17, 148, 102, 13, 177, 16, 26, 47, 19, 44, 54, 70, 11, 29, 75, 21, 55, 12, 14, 83, 56, 83, 19, 13, 14, 14, 16, 11, 61, 139, 70, 16, 150, 24, 68, 16, 47, 89, 22, 18, 58, 122, 26, 54, 18, 33, 622, 98, 208, 25, 135, 12, 41, 74, 77, 14, 32, 34, 13, 57, 67, 32, 17, 51, 16, 54, 36, 35, 16, 119, 30, 13, 32, 36, 58, 97, 16, 18, 23, 186, 15, 35, 54, 13, 32, 165, 158, 94, 44, 156, 32, 66, 11, ] # of comm: 200
   Max Purity = [0.34,0.455] res:= 1.91
   Partition sizes: [17, 48, 55, 35, 27, 21, 34, 17, 174, 11, 24, 35, 31, 17, 20, 104, 88, 17, 19, 14, 13, 23, 37, 37, 189, 122, 16, 28, 112, 48, 104, 19, 11, 12, 33, 49, 70, 69, 38, 80, 40, 74, 47, 104, 25, 53, 16, 15, 12, 47, 25, 68, 34, 19, 19, 18, 211, 86, 16, 14, 39, 93, 20, 34, 26, 13, 72, 74, 24, 37, 144, 98, 18, 78, 15, 81, 56, 57, 18, 13, 15, 314, 25, 49, 41, 14, 23, 37, 28, 16, 56, 55, 64, 17, 16, 51, 114, 133, 55, 14, 17, 102, 18, 122, 46, 24, 13, 17, 148, 102, 13, 177, 16, 26, 47, 19, 44, 54, 70, 11, 29, 75, 21, 55, 12, 14, 83, 56, 83, 19, 13, 14, 14, 16, 11, 61, 139, 70, 16, 150, 24, 68, 16, 47, 89, 22, 18, 58, 122, 26, 54, 18, 33, 622, 98, 208, 25, 135, 12, 41, 74, 77, 14, 32, 34, 13, 57, 67, 32, 17, 51, 16, 54, 36, 35, 16, 119, 30, 13, 32, 36, 58, 97, 16, 18, 23, 186, 15, 35, 54, 13, 32, 165, 158, 94, 44, 156, 32, 66, 11, ] # of comm: 200
