True Labels: [0, 1, 2, 3, 4, 5, 6, 7, 8, 9, 10, 11, 12, 13, 14, 15, 16, 17, 18, 19, 20, 21, 22, 23, 24, 25, ] # of Comms: 26
biorxiv (All nodes): Louv
   Max NMI = [0.362,0.514] res:= 1.81
   Partition sizes: [1339, 803, 759, 3498, 671, 96, 756, 290, 2714, 901, 628, 645, 758, 1136, 575, 722, 3022, 430, 2390, 206, 1663, 1547, 1742, 787, 1252, 2106, 562, 1798, 550, 986, 1065, 2203, 874, 1432, 1072, 1788, 667, 3307, 2381, 527, 888, 964, 1524, 1115, 1510, 2176, 713, 1236, 1256, 1726, 1112, 1589, 1674, ] # of comm: 53
   Max Purity = [0.362,0.514] res:= 1.81
   Partition sizes: [1339, 803, 759, 3498, 671, 96, 756, 290, 2714, 901, 628, 645, 758, 1136, 575, 722, 3022, 430, 2390, 206, 1663, 1547, 1742, 787, 1252, 2106, 562, 1798, 550, 986, 1065, 2203, 874, 1432, 1072, 1788, 667, 3307, 2381, 527, 888, 964, 1524, 1115, 1510, 2176, 713, 1236, 1256, 1726, 1112, 1589, 1674, ] # of comm: 53
biorxiv(All nodes): FL + Cust2
   Max NMI = [0.326,0.395] res:= 1.81
   Partition sizes: [9158, 21994, 3768, 3977, 5475, 14781, 8978, ] # of comm: 7
   Max Purity = [0.324,0.397] res:= 1.91
   Partition sizes: [11683, 6267, 3762, 8063, 82, 4146, 7758, 7583, 10160, 8627, ] # of comm: 10
biorxiv(All nodes): FL + Cust6
   Max NMI = [0.341,0.413] res:= 1.51
   Partition sizes: [9652, 4465, 253, 7618, 8346, 3794, 6276, 2137, 2419, 9992, 4052, 9127, ] # of comm: 12
   Max Purity = [0.34,0.435] res:= 1.91
   Partition sizes: [7001, 6463, 1620, 7440, 8130, 36, 3772, 14370, 4006, 2351, 7585, 5357, ] # of comm: 12
biorxiv(All nodes): FL + Cust11
   Max NMI = [0.366,0.512] res:= 1.61
   Partition sizes: [3086, 3251, 890, 944, 1493, 929, 2245, 907, 1748, 1173, 456, 2727, 583, 1405, 2336, 1805, 1148, 970, 1684, 1770, 1483, 602, 570, 2122, 296, 2597, 1048, 1460, 2281, 2254, 1383, 843, 2611, 36, 795, 780, 708, 2631, 668, 733, 1508, 460, 1528, 2629, 1035, 989, 480, 436, 1615, ] # of comm: 49
   Max Purity = [0.361,0.517] res:= 1.91
   Partition sizes: [718, 598, 1324, 1358, 284, 1739, 1674, 3243, 259, 537, 1678, 1793, 957, 1221, 1047, 1913, 1631, 1130, 3182, 1361, 1951, 1540, 2649, 958, 1379, 2183, 1745, 217, 1030, 829, 88, 731, 653, 1092, 286, 1249, 847, 1661, 1115, 543, 1406, 514, 1601, 1278, 800, 1112, 411, 2484, 1688, 1825, 1297, 449, 1006, 279, 1588, ] # of comm: 55
biorxiv(All nodes): FL_ng + Cust2
   Max NMI = [0.36,0.456] res:= 1.91
   Partition sizes: [3477, 8029, 5534, 2998, 36, 7015, 3507, 3761, 5068, 4784, 3839, 369, 82, 3040, 1664, 6360, 6173, 2395, ] # of comm: 18
   Max Purity = [0.36,0.456] res:= 1.91
   Partition sizes: [3477, 8029, 5534, 2998, 36, 7015, 3507, 3761, 5068, 4784, 3839, 369, 82, 3040, 1664, 6360, 6173, 2395, ] # of comm: 18
biorxiv(All nodes): FL_ng + Cust6
   Max NMI = [0.361,0.464] res:= 1.71
   Partition sizes: [2612, 6758, 3272, 3784, 2944, 4286, 2536, 3881, 3622, 6753, 1617, 1278, 3582, 7276, 5306, 4510, 4114, ] # of comm: 17
   Max Purity = [0.359,0.465] res:= 1.91
   Partition sizes: [1397, 597, 3231, 4315, 335, 3953, 3651, 6479, 4067, 2011, 401, 3808, 4202, 4272, 3764, 932, 3725, 2283, 4595, 3127, 6986, ] # of comm: 21
biorxiv(All nodes): FL_ng + Cust11
   Max NMI = [0.363,0.512] res:= 1.51
   Partition sizes: [2348, 991, 1273, 357, 3200, 1992, 1856, 1884, 271, 581, 2303, 200, 2046, 1631, 1492, 2688, 1270, 3151, 509, 2080, 123, 461, 871, 1056, 982, 1521, 819, 2772, 3484, 1025, 528, 338, 520, 1051, 2212, 2063, 3214, 2002, 1261, 1369, 2493, 695, 2050, 577, 1661, 860, ] # of comm: 46
   Max Purity = [0.363,0.512] res:= 1.51
   Partition sizes: [2348, 991, 1273, 357, 3200, 1992, 1856, 1884, 271, 581, 2303, 200, 2046, 1631, 1492, 2688, 1270, 3151, 509, 2080, 123, 461, 871, 1056, 982, 1521, 819, 2772, 3484, 1025, 528, 338, 520, 1051, 2212, 2063, 3214, 2002, 1261, 1369, 2493, 695, 2050, 577, 1661, 860, ] # of comm: 46
biorxiv(All nodes): FL_ng_prop + Cust2
   Max NMI = [0.362,0.476] res:= 1.41
   Partition sizes: [3795, 3031, 4685, 409, 2772, 4538, 330, 3132, 3532, 2174, 2784, 4082, 7450, 4080, 2045, 6001, 7678, 1824, 3789, ] # of comm: 19
   Max Purity = [0.362,0.476] res:= 1.41
   Partition sizes: [3795, 3031, 4685, 409, 2772, 4538, 330, 3132, 3532, 2174, 2784, 4082, 7450, 4080, 2045, 6001, 7678, 1824, 3789, ] # of comm: 19
biorxiv(All nodes): FL_ng_prop + Cust6
   Max NMI = [0.355,0.471] res:= 1.41
   Partition sizes: [474, 3711, 950, 442, 2137, 1780, 1063, 6238, 4042, 6807, 4974, 3786, 1907, 2653, 2576, 4702, 3991, 5227, 2673, 3879, 457, 3662, ] # of comm: 22
   Max Purity = [0.355,0.471] res:= 1.41
   Partition sizes: [474, 3711, 950, 442, 2137, 1780, 1063, 6238, 4042, 6807, 4974, 3786, 1907, 2653, 2576, 4702, 3991, 5227, 2673, 3879, 457, 3662, ] # of comm: 22
biorxiv(All nodes): FL_ng_prop + Cust11
   Max NMI = [0.363,0.517] res:= 1.61
   Partition sizes: [1150, 861, 820, 4030, 1461, 382, 2989, 1581, 791, 144, 574, 1660, 1927, 1410, 1299, 1649, 824, 1102, 2450, 1927, 2009, 528, 3353, 1196, 1771, 2778, 1991, 2000, 1343, 1034, 480, 737, 894, 518, 1159, 1887, 848, 3321, 1397, 301, 2013, 729, 1095, 1308, 948, 711, 1380, 1080, 291, ] # of comm: 49
   Max Purity = [0.359,0.518] res:= 1.91
   Partition sizes: [791, 1899, 2126, 900, 1440, 711, 1388, 1410, 1112, 1235, 1467, 1491, 929, 1647, 806, 874, 1413, 1973, 2699, 849, 2701, 1882, 506, 321, 1063, 1105, 1255, 396, 1535, 296, 1113, 862, 3099, 953, 1261, 494, 1284, 627, 3563, 729, 2215, 1468, 970, 631, 1221, 2383, 518, 1447, 900, 517, 90, 906, 1018, 578, 941, 123, ] # of comm: 56
biorxiv (All nodes): PageRank + Cust2
   Max NMI = [0.362,0.516] res:= 1.91
   Partition sizes: [91, 757, 810, 563, 2909, 1795, 1769, 417, 967, 3223, 3182, 1104, 2130, 977, 1420, 771, 1917, 1675, 885, 1889, 201, 1796, 463, 2174, 1596, 2743, 123, 493, 379, 885, 1626, 1355, 773, 858, 1231, 2244, 134, 1268, 749, 1152, 1519, 259, 1537, 1185, 1009, 1487, 968, 1065, 2317, 2550, 460, 543, 1738, ] # of comm: 53
   Max Purity = [0.362,0.516] res:= 1.91
   Partition sizes: [91, 757, 810, 563, 2909, 1795, 1769, 417, 967, 3223, 3182, 1104, 2130, 977, 1420, 771, 1917, 1675, 885, 1889, 201, 1796, 463, 2174, 1596, 2743, 123, 493, 379, 885, 1626, 1355, 773, 858, 1231, 2244, 134, 1268, 749, 1152, 1519, 259, 1537, 1185, 1009, 1487, 968, 1065, 2317, 2550, 460, 543, 1738, ] # of comm: 53
biorxiv (All nodes): PageRank + Cust6
   Max NMI = [0.359,0.498] res:= 1.41
   Partition sizes: [1147, 2009, 1928, 1190, 2556, 813, 229, 1963, 808, 1824, 510, 217, 1581, 4023, 3574, 3772, 1678, 2167, 1033, 2751, 496, 1426, 865, 1815, 305, 2012, 3072, 1000, 2053, 2617, 1668, 4241, 2169, 2355, 2189, 344, 467, 2477, 787, ] # of comm: 39
   Max Purity = [0.357,0.506] res:= 1.91
   Partition sizes: [231, 1596, 2850, 1460, 1779, 1681, 765, 1116, 1222, 1320, 1057, 188, 56, 1263, 1848, 867, 2434, 673, 1337, 1282, 1938, 1774, 384, 1681, 1227, 1511, 1058, 1454, 964, 2121, 590, 607, 826, 657, 1449, 724, 1205, 1259, 1672, 307, 1064, 1500, 1407, 3012, 2255, 2383, 828, 455, 778, 1419, 1475, 2318, 804, ] # of comm: 53
biorxiv (All nodes): PageRank + Cust11
   Max NMI = [0.364,0.514] res:= 1.91
   Partition sizes: [1759, 817, 1548, 833, 787, 367, 811, 1420, 1672, 1872, 2934, 554, 2093, 1557, 1145, 735, 2650, 479, 1339, 2278, 1717, 1924, 1640, 1348, 1312, 508, 1614, 341, 1897, 1129, 892, 567, 1094, 284, 642, 678, 202, 82, 858, 295, 1120, 1723, 1099, 596, 299, 1130, 2105, 3195, 385, 1649, 2470, 1655, 964, 2459, 608, ] # of comm: 55
   Max Purity = [0.364,0.514] res:= 1.91
   Partition sizes: [1759, 817, 1548, 833, 787, 367, 811, 1420, 1672, 1872, 2934, 554, 2093, 1557, 1145, 735, 2650, 479, 1339, 2278, 1717, 1924, 1640, 1348, 1312, 508, 1614, 341, 1897, 1129, 892, 567, 1094, 284, 642, 678, 202, 82, 858, 295, 1120, 1723, 1099, 596, 299, 1130, 2105, 3195, 385, 1649, 2470, 1655, 964, 2459, 608, ] # of comm: 55
