True Labels: [0, 1, 2, 3, 4, 5, 6, ] # of Comms: 7
Cora (All nodes): Louv
   Max NMI = [0.544,0.735] res:= 0.31
   Partition sizes: [21, 621, 226, 484, 201, 150, 437, 173, 81, 91, ] # of comm: 10
   Max Purity = [0.445,0.768] res:= 1.71
   Partition sizes: [30, 217, 29, 137, 148, 72, 35, 8, 118, 70, 65, 57, 170, 146, 36, 29, 52, 123, 16, 13, 82, 25, 22, 30, 114, 26, 50, 65, 50, 21, 103, 27, 62, 13, 27, 38, 32, 9, 99, 10, 9, ] # of comm: 41
Cora(All nodes): FL + Cust2
   Max NMI = [0.514,0.734] res:= 1.41
   Partition sizes: [13, 434, 174, 547, 238, 84, 610, 24, 97, 8, 31, 108, 21, 96, ] # of comm: 14
   Max Purity = [0.514,0.734] res:= 1.41
   Partition sizes: [13, 434, 174, 547, 238, 84, 610, 24, 97, 8, 31, 108, 21, 96, ] # of comm: 14
Cora(All nodes): FL + Cust6
   Max NMI = [0.505,0.734] res:= 1.11
   Partition sizes: [13, 437, 229, 79, 80, 609, 21, 35, 101, 8, 92, 180, 113, 488, ] # of comm: 14
   Max Purity = [0.505,0.734] res:= 1.11
   Partition sizes: [13, 437, 229, 79, 80, 609, 21, 35, 101, 8, 92, 180, 113, 488, ] # of comm: 14
Cora(All nodes): FL + Cust11
   Max NMI = [0.501,0.69] res:= 0.21
   Partition sizes: [189, 44, 644, 444, 629, 321, 8, 182, 24, ] # of comm: 9
   Max Purity = [0.444,0.766] res:= 1.41
   Partition sizes: [133, 220, 29, 148, 16, 46, 124, 72, 8, 40, 83, 184, 84, 24, 21, 41, 110, 81, 62, 40, 59, 69, 48, 104, 101, 19, 29, 22, 35, 32, 13, 39, 92, 12, 93, 143, 9, ] # of comm: 37
Cora(All nodes): FL_ng + Cust2
   Max NMI = [0.499,0.718] res:= 1.91
   Partition sizes: [487, 190, 242, 443, 100, 123, 25, 103, 21, 81, 92, 578, ] # of comm: 12
   Max Purity = [0.499,0.718] res:= 1.91
   Partition sizes: [487, 190, 242, 443, 100, 123, 25, 103, 21, 81, 92, 578, ] # of comm: 12
Cora(All nodes): FL_ng + Cust6
   Max NMI = [0.516,0.728] res:= 1.71
   Partition sizes: [170, 83, 25, 219, 147, 478, 124, 546, 105, 442, 21, 92, 33, ] # of comm: 13
   Max Purity = [0.516,0.728] res:= 1.71
   Partition sizes: [170, 83, 25, 219, 147, 478, 124, 546, 105, 442, 21, 92, 33, ] # of comm: 13
Cora(All nodes): FL_ng + Cust11
   Max NMI = [0.506,0.731] res:= 0.51
   Partition sizes: [423, 216, 203, 13, 24, 172, 21, 445, 100, 417, 102, 102, 99, 36, 81, 31, ] # of comm: 16
   Max Purity = [0.449,0.768] res:= 1.51
   Partition sizes: [145, 231, 13, 29, 84, 121, 38, 61, 8, 24, 21, 27, 148, 142, 23, 118, 130, 65, 15, 89, 88, 13, 114, 36, 29, 35, 40, 82, 38, 44, 75, 82, 9, 28, 16, 30, 41, 10, 143, ] # of comm: 39
Cora(All nodes): FL_ng_prop + Cust2
   Max NMI = [0.513,0.731] res:= 0.61
   Partition sizes: [424, 181, 485, 228, 72, 122, 21, 171, 89, 434, 36, 129, 93, ] # of comm: 13
   Max Purity = [0.465,0.77] res:= 1.81
   Partition sizes: [29, 325, 185, 21, 168, 198, 114, 128, 8, 125, 44, 58, 102, 41, 137, 57, 13, 93, 25, 73, 22, 132, 13, 29, 67, 8, 81, 11, 49, 48, 72, 9, ] # of comm: 32
Cora(All nodes): FL_ng_prop + Cust6
   Max NMI = [0.5,0.701] res:= 0.81
   Partition sizes: [412, 193, 291, 55, 53, 21, 13, 100, 116, 25, 121, 372, 411, 202, 91, 9, ] # of comm: 16
   Max Purity = [0.467,0.773] res:= 1.81
   Partition sizes: [106, 238, 8, 185, 81, 109, 19, 72, 36, 174, 132, 137, 21, 16, 48, 68, 86, 94, 104, 25, 164, 87, 19, 23, 13, 21, 23, 70, 41, 168, 29, 8, 11, 49, ] # of comm: 34
Cora(All nodes): FL_ng_prop + Cust11
   Max NMI = [0.523,0.741] res:= 0.41
   Partition sizes: [414, 21, 204, 216, 75, 192, 121, 285, 13, 99, 126, 469, 88, 162, ] # of comm: 14
   Max Purity = [0.461,0.772] res:= 1.21
   Partition sizes: [222, 8, 166, 188, 31, 95, 87, 72, 29, 55, 25, 109, 21, 38, 41, 59, 11, 190, 23, 83, 165, 13, 21, 46, 150, 27, 75, 32, 94, 110, 16, 19, 46, 109, 9, ] # of comm: 35
Cora (All nodes): PageRank + Cust2
   Max NMI = [0.514,0.737] res:= 0.41
   Partition sizes: [178, 449, 89, 134, 445, 183, 215, 13, 99, 122, 21, 73, 425, 39, ] # of comm: 14
   Max Purity = [0.45,0.767] res:= 1.51
   Partition sizes: [13, 197, 28, 73, 104, 147, 128, 139, 84, 182, 29, 31, 19, 50, 128, 46, 13, 20, 32, 215, 70, 99, 103, 25, 81, 54, 35, 64, 19, 21, 36, 75, 8, 29, 34, 16, 38, ] # of comm: 37
Cora (All nodes): PageRank + Cust6
   Max NMI = [0.525,0.746] res:= 0.41
   Partition sizes: [13, 466, 86, 105, 126, 429, 202, 213, 88, 413, 21, 193, 31, 99, ] # of comm: 14
   Max Purity = [0.448,0.769] res:= 1.61
   Partition sizes: [156, 13, 181, 133, 107, 20, 145, 58, 72, 8, 131, 29, 31, 25, 19, 131, 32, 16, 94, 57, 99, 30, 79, 97, 29, 70, 32, 52, 59, 98, 19, 13, 29, 19, 9, 104, 103, 38, 48, ] # of comm: 39
Cora (All nodes): PageRank + Cust11
   Max NMI = [0.452,0.695] res:= 0.31
   Partition sizes: [1, 2, 1, 1, 1, 2, 90, 122, 2, 2, 1, 2, 1, 1, 1, 2, 2, 1, 1, 1, 1, 2, 2, 1, 1, 1, 1, 1, 1, 1, 1, 1, 1, 1, 1, 1, 2, 2, 1, 1, 1, 1, 142, 1, 1, 3, 1, 1, 1, 2, 1, 1, 2, 75, 234, 482, 1, 98, 282, 225, 46, 1, 1, 1, 1, 1, 1, 1, 1, 1, 1, 1, 13, 3, 2, 26, 7, 138, 3, 408, 3, 9, ] # of comm: 82
   Max Purity = [0.416,0.763] res:= 1.91
   Partition sizes: [1, 2, 1, 1, 1, 2, 93, 1, 2, 2, 1, 2, 1, 112, 13, 41, 1, 1, 2, 2, 1, 1, 1, 1, 2, 1, 121, 1, 2, 2, 1, 1, 1, 1, 1, 1, 36, 1, 1, 1, 1, 1, 1, 1, 1, 1, 1, 2, 1, 2, 3, 1, 1, 1, 1, 1, 1, 35, 1, 1, 1, 1, 2, 31, 1, 1, 6, 3, 1, 1, 1, 2, 1, 95, 1, 2, 78, 2, 2, 37, 49, 53, 1, 31, 44, 53, 120, 48, 45, 1, 102, 61, 42, 28, 18, 9, 39, 1, 1, 1, 1, 1, 1, 1, 1, 1, 1, 1, 1, 1, 32, 29, 1, 2, 55, 3, 44, 8, 32, 54, 29, 6, 41, 3, 42, 2, 62, 38, 2, 26, 7, 27, 3, 51, 20, 79, 74, 102, 34, 21, 3, 9, ] # of comm: 142
