__________________________________________________________________________________________
True Labels: [0, 1, 2, 3, 4, 5, 6, 7, 8, 9, 10, 11, 12, 13, 14, 15, 16, 17, 18, 19, 20, 21, 22, 23, 24, 25, 26, 27, 28, 29, 30, 31, 32, 33, 34, 35, 36, 37, 38, 39, 40, 41, 42, 43, 44, 45, 46, 47, 48, 49, 50, 51, 52, 53, 54, 55, 56, 57, 58, 59, 60, 61, 62, 63, 64, 65, 66, 67, 68, 69, ] # of Comms: 70
Cora full (All nodes): Louv
   Max NMI = [0.495,0.407] res:= 1.91
   Partition sizes: [394, 268, 36, 109, 423, 150, 1126, 967, 190, 873, 47, 531, 207, 232, 990, 968, 293, 47, 1053, 108, 243, 564, 228, 245, 644, 361, 160, 791, 5, 320, 94, 415, 572, 276, 1290, 373, 981, 906, 696, 647, 35, 401, 5, 163, 18, 157, 319, 252, 433, 224, 25, 319, 12, 41, 298, 741, 168, 164, 10, 353, 79, 72, 10, 9, 25, 5, 5, ] # of comm: 67
   Max Purity = [0.495,0.407] res:= 1.91
   Partition sizes: [394, 268, 36, 109, 423, 150, 1126, 967, 190, 873, 47, 531, 207, 232, 990, 968, 293, 47, 1053, 108, 243, 564, 228, 245, 644, 361, 160, 791, 5, 320, 94, 415, 572, 276, 1290, 373, 981, 906, 696, 647, 35, 401, 5, 163, 18, 157, 319, 252, 433, 224, 25, 319, 12, 41, 298, 741, 168, 164, 10, 353, 79, 72, 10, 9, 25, 5, 5, ] # of comm: 67
__________________________________________________________________________________________
True Labels: [0, 1, 2, 3, 4, 5, 6, 7, 8, 9, 10, 11, 12, 13, 14, 15, 16, 17, 18, 19, 20, 21, 22, 23, 24, 25, 26, 27, 28, 29, 30, 31, 32, 33, 34, 35, 36, 37, 38, 39, 40, 41, 42, 43, 44, 45, 46, 47, 48, 49, 50, 51, 52, 53, 54, 55, 56, 57, 58, 59, 60, 61, 62, 63, 64, 65, 66, 67, 68, 69, ] # of Comms: 70
Cora full (All nodes): Louv
   Max NMI = [0.521,0.494] res:= 6.5
   Partition sizes: [399, 148, 232, 79, 242, 180, 266, 357, 157, 227, 115, 17, 5, 420, 187, 425, 248, 32, 39, 166, 211, 576, 107, 109, 63, 422, 13, 236, 107, 374, 371, 95, 92, 73, 181, 64, 234, 68, 324, 101, 155, 93, 216, 191, 6, 355, 263, 47, 376, 59, 45, 90, 43, 122, 317, 67, 349, 25, 262, 77, 236, 388, 181, 119, 81, 25, 106, 128, 171, 17, 136, 34, 248, 93, 101, 157, 39, 215, 54, 292, 181, 4, 238, 167, 35, 83, 21, 193, 25, 199, 253, 234, 22, 64, 38, 21, 153, 303, 137, 240, 108, 100, 154, 45, 139, 166, 187, 98, 60, 210, 191, 193, 134, 298, 282, 442, 47, 192, 101, 35, 295, 97, 129, 123, 57, 157, 172, 66, 34, 131, 24, 137, 91, 12, 111, 83, 23, 51, 93, 102, 9, 5, 100, 99, 61, 104, 137, 4, 6, 68, 8, 109, 147, 78, 40, 78, 5, 40, 6, 7, 4, 5, 72, 5, 6, 40, 82, 319, ] # of comm: 168
   Max Purity = [0.521,0.494] res:= 6.5
   Partition sizes: [399, 148, 232, 79, 242, 180, 266, 357, 157, 227, 115, 17, 5, 420, 187, 425, 248, 32, 39, 166, 211, 576, 107, 109, 63, 422, 13, 236, 107, 374, 371, 95, 92, 73, 181, 64, 234, 68, 324, 101, 155, 93, 216, 191, 6, 355, 263, 47, 376, 59, 45, 90, 43, 122, 317, 67, 349, 25, 262, 77, 236, 388, 181, 119, 81, 25, 106, 128, 171, 17, 136, 34, 248, 93, 101, 157, 39, 215, 54, 292, 181, 4, 238, 167, 35, 83, 21, 193, 25, 199, 253, 234, 22, 64, 38, 21, 153, 303, 137, 240, 108, 100, 154, 45, 139, 166, 187, 98, 60, 210, 191, 193, 134, 298, 282, 442, 47, 192, 101, 35, 295, 97, 129, 123, 57, 157, 172, 66, 34, 131, 24, 137, 91, 12, 111, 83, 23, 51, 93, 102, 9, 5, 100, 99, 61, 104, 137, 4, 6, 68, 8, 109, 147, 78, 40, 78, 5, 40, 6, 7, 4, 5, 72, 5, 6, 40, 82, 319, ] # of comm: 168
__________________________________________________________________________________________
True Labels: [0, 1, 2, 3, 4, 5, 6, 7, 8, 9, 10, 11, 12, 13, 14, 15, 16, 17, 18, 19, 20, 21, 22, 23, 24, 25, 26, 27, 28, 29, 30, 31, 32, 33, 34, 35, 36, 37, 38, 39, 40, 41, 42, 43, 44, 45, 46, 47, 48, 49, 50, 51, 52, 53, 54, 55, 56, 57, 58, 59, 60, 61, 62, 63, 64, 65, 66, 67, 68, 69, ] # of Comms: 70
Cora full (All nodes): Louv
   Max NMI = [0.528,0.531] res:= 11.5
   Partition sizes: [133, 125, 182, 40, 92, 137, 103, 130, 69, 222, 131, 127, 103, 98, 239, 255, 17, 176, 127, 37, 110, 118, 5, 82, 89, 181, 40, 102, 156, 97, 61, 148, 210, 297, 156, 80, 106, 118, 89, 84, 93, 251, 235, 63, 13, 190, 197, 125, 248, 40, 121, 111, 34, 173, 63, 35, 178, 174, 39, 167, 150, 92, 53, 60, 42, 74, 107, 71, 131, 170, 15, 152, 54, 129, 24, 94, 90, 29, 112, 231, 19, 39, 125, 214, 125, 58, 64, 101, 187, 118, 153, 64, 71, 90, 64, 136, 79, 68, 87, 109, 259, 58, 43, 207, 127, 52, 84, 161, 85, 110, 111, 71, 104, 74, 154, 208, 8, 66, 76, 17, 73, 32, 10, 128, 57, 102, 147, 187, 85, 21, 190, 160, 154, 25, 96, 44, 94, 172, 114, 102, 33, 117, 4, 64, 48, 111, 45, 92, 61, 36, 27, 91, 99, 37, 123, 81, 23, 61, 186, 77, 42, 37, 8, 17, 105, 48, 181, 94, 173, 88, 64, 66, 122, 85, 32, 48, 25, 39, 21, 72, 73, 77, 45, 47, 113, 247, 61, 112, 33, 96, 122, 68, 6, 35, 34, 157, 52, 61, 62, 23, 9, 60, 12, 40, 77, 23, 42, 16, 148, 62, 52, 40, 111, 32, 93, 71, 121, 96, 47, 71, 55, 4, 64, 22, 6, 8, 11, 76, 177, 76, 37, 173, 119, 41, 122, 60, 7, 70, 68, 40, 227, 40, 10, 5, 6, 101, 5, 31, 126, 4, 147, 92, 51, 115, 5, 94, ] # of comm: 256
   Max Purity = [0.528,0.531] res:= 11.5
   Partition sizes: [133, 125, 182, 40, 92, 137, 103, 130, 69, 222, 131, 127, 103, 98, 239, 255, 17, 176, 127, 37, 110, 118, 5, 82, 89, 181, 40, 102, 156, 97, 61, 148, 210, 297, 156, 80, 106, 118, 89, 84, 93, 251, 235, 63, 13, 190, 197, 125, 248, 40, 121, 111, 34, 173, 63, 35, 178, 174, 39, 167, 150, 92, 53, 60, 42, 74, 107, 71, 131, 170, 15, 152, 54, 129, 24, 94, 90, 29, 112, 231, 19, 39, 125, 214, 125, 58, 64, 101, 187, 118, 153, 64, 71, 90, 64, 136, 79, 68, 87, 109, 259, 58, 43, 207, 127, 52, 84, 161, 85, 110, 111, 71, 104, 74, 154, 208, 8, 66, 76, 17, 73, 32, 10, 128, 57, 102, 147, 187, 85, 21, 190, 160, 154, 25, 96, 44, 94, 172, 114, 102, 33, 117, 4, 64, 48, 111, 45, 92, 61, 36, 27, 91, 99, 37, 123, 81, 23, 61, 186, 77, 42, 37, 8, 17, 105, 48, 181, 94, 173, 88, 64, 66, 122, 85, 32, 48, 25, 39, 21, 72, 73, 77, 45, 47, 113, 247, 61, 112, 33, 96, 122, 68, 6, 35, 34, 157, 52, 61, 62, 23, 9, 60, 12, 40, 77, 23, 42, 16, 148, 62, 52, 40, 111, 32, 93, 71, 121, 96, 47, 71, 55, 4, 64, 22, 6, 8, 11, 76, 177, 76, 37, 173, 119, 41, 122, 60, 7, 70, 68, 40, 227, 40, 10, 5, 6, 101, 5, 31, 126, 4, 147, 92, 51, 115, 5, 94, ] # of comm: 256
__________________________________________________________________________________________
True Labels: [0, 1, 2, 3, 4, 5, 6, 7, 8, 9, 10, 11, 12, 13, 14, 15, 16, 17, 18, 19, 20, 21, 22, 23, 24, 25, 26, 27, 28, 29, 30, 31, 32, 33, 34, 35, 36, 37, 38, 39, 40, 41, 42, 43, 44, 45, 46, 47, 48, 49, 50, 51, 52, 53, 54, 55, 56, 57, 58, 59, 60, 61, 62, 63, 64, 65, 66, 67, 68, 69, ] # of Comms: 70
Cora full (All nodes): Louv
   Max NMI = [0.535,0.58] res:= 35
   Partition sizes: [22, 85, 58, 32, 75, 60, 70, 62, 83, 75, 36, 55, 51, 47, 31, 36, 19, 37, 69, 22, 10, 30, 16, 50, 67, 35, 82, 22, 44, 93, 110, 31, 115, 53, 74, 45, 40, 59, 75, 31, 15, 47, 26, 39, 33, 43, 42, 19, 45, 77, 57, 15, 32, 114, 25, 67, 65, 4, 44, 50, 19, 19, 30, 30, 32, 98, 50, 60, 24, 33, 29, 79, 86, 51, 30, 63, 39, 53, 66, 51, 15, 41, 88, 61, 80, 14, 5, 16, 16, 63, 88, 91, 30, 22, 42, 28, 79, 25, 51, 52, 32, 68, 35, 20, 27, 26, 78, 39, 46, 72, 35, 101, 6, 43, 64, 41, 16, 31, 121, 88, 52, 31, 24, 70, 18, 65, 14, 48, 73, 30, 27, 56, 82, 51, 61, 65, 35, 18, 11, 29, 47, 42, 22, 126, 49, 50, 60, 46, 43, 40, 56, 85, 49, 56, 65, 79, 65, 29, 39, 29, 55, 42, 34, 12, 73, 36, 50, 36, 49, 29, 92, 74, 45, 85, 28, 8, 41, 93, 49, 23, 15, 22, 29, 39, 61, 46, 127, 47, 45, 21, 100, 59, 10, 11, 54, 43, 54, 44, 43, 53, 27, 21, 42, 62, 33, 79, 49, 47, 32, 56, 86, 27, 23, 82, 28, 19, 44, 32, 35, 26, 47, 25, 41, 69, 152, 41, 39, 64, 61, 15, 52, 69, 41, 19, 72, 71, 57, 39, 17, 67, 52, 33, 57, 17, 69, 8, 35, 55, 21, 98, 26, 37, 64, 53, 56, 74, 15, 8, 61, 14, 44, 61, 50, 43, 24, 28, 88, 29, 38, 20, 38, 62, 32, 49, 16, 77, 52, 22, 39, 41, 99, 45, 32, 30, 44, 10, 34, 18, 34, 36, 47, 106, 41, 50, 47, 4, 46, 34, 85, 21, 12, 29, 80, 45, 57, 54, 24, 36, 25, 57, 47, 7, 46, 95, 55, 32, 70, 25, 112, 61, 41, 24, 23, 22, 46, 21, 64, 17, 43, 34, 7, 48, 81, 28, 87, 17, 36, 54, 56, 28, 44, 39, 8, 13, 55, 37, 13, 16, 82, 18, 26, 45, 63, 68, 73, 20, 30, 52, 49, 40, 30, 131, 62, 33, 47, 25, 39, 30, 29, 49, 43, 44, 18, 51, 28, 35, 34, 52, 5, 42, 16, 74, 91, 13, 12, 55, 44, 17, 28, 16, 44, 38, 22, 72, 38, 69, 18, 18, 89, 63, 62, 25, 12, 26, 24, 40, 20, 22, 28, 52, 38, 44, 22, 85, 21, 28, 19, 9, 62, 11, 28, 66, 36, 30, 25, 53, 50, 53, 37, 32, 12, 38, 14, 69, 16, 29, 29, 20, 39, 27, 16, 55, 14, 28, 43, 31, 18, 25, 23, 17, 23, 8, 30, 65, 18, 78, 39, 75, 48, 47, 17, 42, 16, 34, 4, 40, 26, 30, 34, 44, 6, 31, 5, 36, 52, 43, 43, 32, 67, 36, 35, 36, 26, 22, 14, 70, 13, 40, 30, 31, 45, 32, 96, 37, 50, 28, 37, 8, 31, 50, 37, 15, 24, 37, 46, 17, 48, 6, 68, 7, 32, 6, 45, 50, 47, 15, 7, 17, 31, 20, 4, 21, 25, 32, 41, 38, 17, 33, 28, 68, 57, 39, 7, 51, 5, 47, 4, 38, 22, 41, 47, 6, 12, 11, 4, 33, 6, 35, 5, 15, 23, 26, 31, ] # of comm: 553
   Max Purity = [0.535,0.58] res:= 35
   Partition sizes: [22, 85, 58, 32, 75, 60, 70, 62, 83, 75, 36, 55, 51, 47, 31, 36, 19, 37, 69, 22, 10, 30, 16, 50, 67, 35, 82, 22, 44, 93, 110, 31, 115, 53, 74, 45, 40, 59, 75, 31, 15, 47, 26, 39, 33, 43, 42, 19, 45, 77, 57, 15, 32, 114, 25, 67, 65, 4, 44, 50, 19, 19, 30, 30, 32, 98, 50, 60, 24, 33, 29, 79, 86, 51, 30, 63, 39, 53, 66, 51, 15, 41, 88, 61, 80, 14, 5, 16, 16, 63, 88, 91, 30, 22, 42, 28, 79, 25, 51, 52, 32, 68, 35, 20, 27, 26, 78, 39, 46, 72, 35, 101, 6, 43, 64, 41, 16, 31, 121, 88, 52, 31, 24, 70, 18, 65, 14, 48, 73, 30, 27, 56, 82, 51, 61, 65, 35, 18, 11, 29, 47, 42, 22, 126, 49, 50, 60, 46, 43, 40, 56, 85, 49, 56, 65, 79, 65, 29, 39, 29, 55, 42, 34, 12, 73, 36, 50, 36, 49, 29, 92, 74, 45, 85, 28, 8, 41, 93, 49, 23, 15, 22, 29, 39, 61, 46, 127, 47, 45, 21, 100, 59, 10, 11, 54, 43, 54, 44, 43, 53, 27, 21, 42, 62, 33, 79, 49, 47, 32, 56, 86, 27, 23, 82, 28, 19, 44, 32, 35, 26, 47, 25, 41, 69, 152, 41, 39, 64, 61, 15, 52, 69, 41, 19, 72, 71, 57, 39, 17, 67, 52, 33, 57, 17, 69, 8, 35, 55, 21, 98, 26, 37, 64, 53, 56, 74, 15, 8, 61, 14, 44, 61, 50, 43, 24, 28, 88, 29, 38, 20, 38, 62, 32, 49, 16, 77, 52, 22, 39, 41, 99, 45, 32, 30, 44, 10, 34, 18, 34, 36, 47, 106, 41, 50, 47, 4, 46, 34, 85, 21, 12, 29, 80, 45, 57, 54, 24, 36, 25, 57, 47, 7, 46, 95, 55, 32, 70, 25, 112, 61, 41, 24, 23, 22, 46, 21, 64, 17, 43, 34, 7, 48, 81, 28, 87, 17, 36, 54, 56, 28, 44, 39, 8, 13, 55, 37, 13, 16, 82, 18, 26, 45, 63, 68, 73, 20, 30, 52, 49, 40, 30, 131, 62, 33, 47, 25, 39, 30, 29, 49, 43, 44, 18, 51, 28, 35, 34, 52, 5, 42, 16, 74, 91, 13, 12, 55, 44, 17, 28, 16, 44, 38, 22, 72, 38, 69, 18, 18, 89, 63, 62, 25, 12, 26, 24, 40, 20, 22, 28, 52, 38, 44, 22, 85, 21, 28, 19, 9, 62, 11, 28, 66, 36, 30, 25, 53, 50, 53, 37, 32, 12, 38, 14, 69, 16, 29, 29, 20, 39, 27, 16, 55, 14, 28, 43, 31, 18, 25, 23, 17, 23, 8, 30, 65, 18, 78, 39, 75, 48, 47, 17, 42, 16, 34, 4, 40, 26, 30, 34, 44, 6, 31, 5, 36, 52, 43, 43, 32, 67, 36, 35, 36, 26, 22, 14, 70, 13, 40, 30, 31, 45, 32, 96, 37, 50, 28, 37, 8, 31, 50, 37, 15, 24, 37, 46, 17, 48, 6, 68, 7, 32, 6, 45, 50, 47, 15, 7, 17, 31, 20, 4, 21, 25, 32, 41, 38, 17, 33, 28, 68, 57, 39, 7, 51, 5, 47, 4, 38, 22, 41, 47, 6, 12, 11, 4, 33, 6, 35, 5, 15, 23, 26, 31, ] # of comm: 553
__________________________________________________________________________________________
True Labels: [0, 1, 2, 3, 4, 5, 6, 7, 8, 9, 10, 11, 12, 13, 14, 15, 16, 17, 18, 19, 20, 21, 22, 23, 24, 25, 26, 27, 28, 29, 30, 31, 32, 33, 34, 35, 36, 37, 38, 39, 40, 41, 42, 43, 44, 45, 46, 47, 48, 49, 50, 51, 52, 53, 54, 55, 56, 57, 58, 59, 60, 61, 62, 63, 64, 65, 66, 67, 68, 69, ] # of Comms: 70
Cora full (All nodes): Louv
   Max NMI = [0.536,0.583] res:= 35
   Partition sizes: [23, 53, 120, 48, 51, 7, 24, 29, 25, 14, 51, 2, 93, 30, 48, 11, 16, 94, 86, 39, 41, 17, 18, 27, 71, 74, 24, 47, 48, 35, 40, 9, 21, 14, 18, 35, 114, 22, 22, 45, 35, 24, 4, 54, 22, 18, 8, 44, 34, 27, 55, 36, 33, 38, 43, 81, 51, 20, 56, 51, 40, 7, 55, 66, 33, 62, 44, 23, 9, 60, 26, 42, 13, 91, 7, 47, 17, 46, 55, 45, 34, 8, 23, 35, 37, 48, 47, 96, 49, 82, 111, 28, 19, 23, 63, 49, 11, 47, 76, 48, 63, 55, 6, 29, 34, 30, 21, 19, 22, 25, 43, 53, 26, 37, 25, 57, 72, 74, 16, 15, 55, 31, 67, 37, 67, 46, 21, 57, 47, 20, 12, 23, 30, 85, 46, 76, 128, 74, 18, 62, 32, 34, 81, 26, 23, 18, 81, 12, 56, 18, 75, 47, 57, 46, 62, 25, 60, 27, 55, 23, 34, 24, 69, 35, 63, 11, 29, 63, 45, 59, 60, 35, 63, 26, 44, 46, 56, 24, 27, 25, 84, 75, 22, 11, 54, 26, 18, 84, 46, 21, 93, 83, 66, 27, 72, 10, 50, 22, 45, 29, 79, 21, 13, 36, 43, 58, 20, 20, 32, 49, 88, 41, 9, 70, 26, 15, 67, 14, 47, 42, 54, 37, 92, 63, 74, 46, 57, 73, 28, 36, 29, 68, 50, 54, 71, 70, 26, 25, 58, 55, 57, 38, 27, 50, 37, 39, 20, 50, 83, 30, 22, 34, 58, 26, 60, 43, 105, 33, 73, 44, 54, 43, 58, 20, 36, 38, 10, 13, 46, 73, 35, 78, 18, 44, 16, 43, 79, 28, 24, 21, 29, 7, 26, 59, 22, 22, 26, 47, 29, 16, 21, 43, 52, 42, 27, 61, 42, 21, 49, 20, 42, 92, 51, 21, 37, 38, 32, 34, 37, 23, 51, 15, 69, 43, 59, 49, 4, 12, 41, 68, 3, 40, 44, 36, 30, 22, 36, 57, 118, 6, 29, 40, 29, 31, 29, 22, 34, 34, 101, 93, 8, 4, 52, 59, 27, 15, 62, 26, 29, 30, 18, 40, 23, 39, 10, 6, 57, 44, 36, 22, 27, 56, 22, 64, 27, 37, 44, 51, 35, 24, 13, 55, 21, 33, 26, 85, 25, 16, 46, 40, 58, 21, 10, 28, 56, 16, 17, 3, 45, 15, 14, 40, 22, 106, 29, 36, 33, 5, 49, 24, 16, 30, 16, 39, 43, 36, 47, 31, 47, 33, 14, 30, 32, 73, 12, 44, 39, 38, 5, 43, 34, 104, 43, 19, 54, 21, 79, 64, 20, 22, 71, 62, 36, 27, 41, 32, 16, 72, 21, 56, 55, 56, 38, 38, 41, 42, 15, 18, 35, 23, 61, 39, 12, 35, 20, 42, 26, 32, 21, 30, 60, 50, 15, 57, 52, 35, 22, 21, 43, 37, 23, 25, 73, 12, 12, 36, 42, 56, 28, 16, 17, 36, 100, 28, 3, 23, 14, 7, 46, 59, 64, 54, 30, 65, 30, 28, 25, 9, 18, 40, 17, 44, 49, 25, 32, 20, 47, 37, 18, 13, 3, 16, 36, 23, 34, 53, 4, 68, 70, 33, 42, 56, 33, 18, 8, 29, 19, 47, 18, 11, 30, 90, 87, 60, 31, 10, 34, 52, 17, 3, 3, 17, 32, 21, 40, 3, 45, 30, 27, 27, 49, 32, 6, 65, 25, 7, 11, 18, 14, 43, 66, 21, 69, 38, 12, 25, 37, 6, 28, 4, 30, 25, 6, 39, 19, 64, 63, 25, 30, 38, 8, 3, 60, 12, 33, 5, 63, 29, 4, 28, 40, 20, 4, 50, 6, 22, 25, 36, 6, 17, 47, 54, 4, 24, 33, 17, 5, 5, 5, 18, 7, 28, 23, ] # of comm: 613
   Max Purity = [0.536,0.583] res:= 35
   Partition sizes: [23, 53, 120, 48, 51, 7, 24, 29, 25, 14, 51, 2, 93, 30, 48, 11, 16, 94, 86, 39, 41, 17, 18, 27, 71, 74, 24, 47, 48, 35, 40, 9, 21, 14, 18, 35, 114, 22, 22, 45, 35, 24, 4, 54, 22, 18, 8, 44, 34, 27, 55, 36, 33, 38, 43, 81, 51, 20, 56, 51, 40, 7, 55, 66, 33, 62, 44, 23, 9, 60, 26, 42, 13, 91, 7, 47, 17, 46, 55, 45, 34, 8, 23, 35, 37, 48, 47, 96, 49, 82, 111, 28, 19, 23, 63, 49, 11, 47, 76, 48, 63, 55, 6, 29, 34, 30, 21, 19, 22, 25, 43, 53, 26, 37, 25, 57, 72, 74, 16, 15, 55, 31, 67, 37, 67, 46, 21, 57, 47, 20, 12, 23, 30, 85, 46, 76, 128, 74, 18, 62, 32, 34, 81, 26, 23, 18, 81, 12, 56, 18, 75, 47, 57, 46, 62, 25, 60, 27, 55, 23, 34, 24, 69, 35, 63, 11, 29, 63, 45, 59, 60, 35, 63, 26, 44, 46, 56, 24, 27, 25, 84, 75, 22, 11, 54, 26, 18, 84, 46, 21, 93, 83, 66, 27, 72, 10, 50, 22, 45, 29, 79, 21, 13, 36, 43, 58, 20, 20, 32, 49, 88, 41, 9, 70, 26, 15, 67, 14, 47, 42, 54, 37, 92, 63, 74, 46, 57, 73, 28, 36, 29, 68, 50, 54, 71, 70, 26, 25, 58, 55, 57, 38, 27, 50, 37, 39, 20, 50, 83, 30, 22, 34, 58, 26, 60, 43, 105, 33, 73, 44, 54, 43, 58, 20, 36, 38, 10, 13, 46, 73, 35, 78, 18, 44, 16, 43, 79, 28, 24, 21, 29, 7, 26, 59, 22, 22, 26, 47, 29, 16, 21, 43, 52, 42, 27, 61, 42, 21, 49, 20, 42, 92, 51, 21, 37, 38, 32, 34, 37, 23, 51, 15, 69, 43, 59, 49, 4, 12, 41, 68, 3, 40, 44, 36, 30, 22, 36, 57, 118, 6, 29, 40, 29, 31, 29, 22, 34, 34, 101, 93, 8, 4, 52, 59, 27, 15, 62, 26, 29, 30, 18, 40, 23, 39, 10, 6, 57, 44, 36, 22, 27, 56, 22, 64, 27, 37, 44, 51, 35, 24, 13, 55, 21, 33, 26, 85, 25, 16, 46, 40, 58, 21, 10, 28, 56, 16, 17, 3, 45, 15, 14, 40, 22, 106, 29, 36, 33, 5, 49, 24, 16, 30, 16, 39, 43, 36, 47, 31, 47, 33, 14, 30, 32, 73, 12, 44, 39, 38, 5, 43, 34, 104, 43, 19, 54, 21, 79, 64, 20, 22, 71, 62, 36, 27, 41, 32, 16, 72, 21, 56, 55, 56, 38, 38, 41, 42, 15, 18, 35, 23, 61, 39, 12, 35, 20, 42, 26, 32, 21, 30, 60, 50, 15, 57, 52, 35, 22, 21, 43, 37, 23, 25, 73, 12, 12, 36, 42, 56, 28, 16, 17, 36, 100, 28, 3, 23, 14, 7, 46, 59, 64, 54, 30, 65, 30, 28, 25, 9, 18, 40, 17, 44, 49, 25, 32, 20, 47, 37, 18, 13, 3, 16, 36, 23, 34, 53, 4, 68, 70, 33, 42, 56, 33, 18, 8, 29, 19, 47, 18, 11, 30, 90, 87, 60, 31, 10, 34, 52, 17, 3, 3, 17, 32, 21, 40, 3, 45, 30, 27, 27, 49, 32, 6, 65, 25, 7, 11, 18, 14, 43, 66, 21, 69, 38, 12, 25, 37, 6, 28, 4, 30, 25, 6, 39, 19, 64, 63, 25, 30, 38, 8, 3, 60, 12, 33, 5, 63, 29, 4, 28, 40, 20, 4, 50, 6, 22, 25, 36, 6, 17, 47, 54, 4, 24, 33, 17, 5, 5, 5, 18, 7, 28, 23, ] # of comm: 613
__________________________________________________________________________________________
True Labels: [0, 1, 2, 3, 4, 5, 6, 7, 8, 9, 10, 11, 12, 13, 14, 15, 16, 17, 18, 19, 20, 21, 22, 23, 24, 25, 26, 27, 28, 29, 30, 31, 32, 33, 34, 35, 36, 37, 38, 39, 40, 41, 42, 43, 44, 45, 46, 47, 48, 49, 50, 51, 52, 53, 54, 55, 56, 57, 58, 59, 60, 61, 62, 63, 64, 65, 66, 67, 68, 69, ] # of Comms: 70
Cora full (All nodes): Louv
   Max NMI = [0.535,0.574] res:= 30
   Partition sizes: [76, 63, 164, 61, 25, 65, 22, 84, 14, 12, 22, 2, 87, 73, 53, 100, 70, 50, 11, 70, 62, 119, 53, 94, 21, 40, 26, 106, 29, 41, 60, 106, 41, 14, 34, 67, 47, 31, 18, 35, 118, 27, 31, 33, 64, 56, 15, 143, 4, 54, 41, 56, 40, 46, 40, 23, 99, 34, 48, 33, 70, 44, 29, 86, 53, 15, 30, 65, 85, 35, 75, 40, 82, 60, 49, 56, 26, 7, 30, 6, 54, 21, 24, 7, 42, 9, 38, 87, 31, 62, 78, 37, 25, 96, 50, 31, 113, 28, 19, 29, 62, 25, 59, 42, 78, 41, 18, 34, 23, 55, 56, 84, 72, 16, 15, 7, 44, 71, 54, 65, 62, 13, 30, 23, 29, 85, 22, 47, 134, 45, 8, 73, 24, 23, 46, 82, 18, 58, 92, 75, 50, 50, 69, 18, 4, 29, 30, 59, 25, 54, 37, 61, 64, 51, 36, 78, 28, 29, 35, 44, 78, 24, 72, 25, 46, 43, 16, 15, 31, 17, 17, 27, 24, 52, 33, 21, 10, 55, 28, 50, 40, 3, 20, 17, 27, 45, 51, 58, 50, 104, 87, 37, 25, 100, 24, 71, 32, 14, 47, 41, 54, 58, 37, 82, 35, 3, 30, 26, 26, 48, 98, 121, 55, 60, 75, 30, 64, 74, 39, 86, 63, 58, 39, 59, 70, 43, 59, 36, 133, 25, 21, 65, 22, 52, 68, 57, 37, 17, 54, 26, 35, 80, 42, 13, 35, 40, 27, 58, 43, 46, 57, 28, 27, 6, 22, 93, 27, 73, 40, 24, 63, 46, 11, 33, 77, 54, 44, 44, 37, 34, 68, 52, 76, 21, 60, 45, 52, 53, 86, 25, 37, 34, 22, 7, 40, 61, 56, 62, 25, 26, 18, 33, 33, 90, 38, 34, 59, 57, 4, 9, 67, 26, 37, 62, 121, 79, 57, 29, 44, 34, 43, 8, 23, 30, 39, 93, 114, 30, 4, 59, 62, 78, 35, 42, 27, 21, 62, 22, 46, 69, 69, 39, 38, 48, 21, 20, 51, 50, 30, 48, 44, 24, 13, 33, 46, 42, 27, 48, 25, 57, 25, 31, 65, 59, 35, 117, 41, 30, 25, 5, 7, 70, 44, 45, 63, 50, 70, 35, 16, 38, 5, 27, 92, 102, 63, 20, 46, 34, 38, 45, 4, 19, 21, 39, 73, 65, 41, 71, 24, 49, 16, 16, 21, 41, 45, 42, 68, 18, 8, 12, 20, 38, 36, 61, 77, 10, 45, 73, 17, 45, 14, 70, 12, 28, 38, 91, 55, 42, 44, 16, 14, 7, 47, 36, 40, 28, 37, 20, 52, 17, 30, 28, 48, 15, 9, 18, 18, 7, 46, 44, 52, 22, 40, 29, 47, 70, 26, 3, 2, 35, 71, 44, 42, 43, 8, 92, 4, 88, 36, 40, 21, 27, 39, 27, 58, 28, 40, 5, 8, 8, 35, 21, 47, 67, 56, 25, 85, 30, 18, 27, 30, 74, 41, 42, 16, 20, 32, 63, 40, 31, 45, 55, 51, 18, 38, 18, 11, 3, 16, 7, 6, 7, 11, 108, 27, 44, 55, 43, 32, 4, 30, 3, 18, 6, 40, 79, 40, 32, 4, 5, 6, 8, 3, 22, 26, 17, 98, 8, 37, 75, 57, 35, 71, 29, 4, 50, 6, 40, 16, 4, 2, 6, 55, 17, 5, 15, 26, 32, 7, 31, ] # of comm: 550
   Max Purity = [0.535,0.574] res:= 30
   Partition sizes: [76, 63, 164, 61, 25, 65, 22, 84, 14, 12, 22, 2, 87, 73, 53, 100, 70, 50, 11, 70, 62, 119, 53, 94, 21, 40, 26, 106, 29, 41, 60, 106, 41, 14, 34, 67, 47, 31, 18, 35, 118, 27, 31, 33, 64, 56, 15, 143, 4, 54, 41, 56, 40, 46, 40, 23, 99, 34, 48, 33, 70, 44, 29, 86, 53, 15, 30, 65, 85, 35, 75, 40, 82, 60, 49, 56, 26, 7, 30, 6, 54, 21, 24, 7, 42, 9, 38, 87, 31, 62, 78, 37, 25, 96, 50, 31, 113, 28, 19, 29, 62, 25, 59, 42, 78, 41, 18, 34, 23, 55, 56, 84, 72, 16, 15, 7, 44, 71, 54, 65, 62, 13, 30, 23, 29, 85, 22, 47, 134, 45, 8, 73, 24, 23, 46, 82, 18, 58, 92, 75, 50, 50, 69, 18, 4, 29, 30, 59, 25, 54, 37, 61, 64, 51, 36, 78, 28, 29, 35, 44, 78, 24, 72, 25, 46, 43, 16, 15, 31, 17, 17, 27, 24, 52, 33, 21, 10, 55, 28, 50, 40, 3, 20, 17, 27, 45, 51, 58, 50, 104, 87, 37, 25, 100, 24, 71, 32, 14, 47, 41, 54, 58, 37, 82, 35, 3, 30, 26, 26, 48, 98, 121, 55, 60, 75, 30, 64, 74, 39, 86, 63, 58, 39, 59, 70, 43, 59, 36, 133, 25, 21, 65, 22, 52, 68, 57, 37, 17, 54, 26, 35, 80, 42, 13, 35, 40, 27, 58, 43, 46, 57, 28, 27, 6, 22, 93, 27, 73, 40, 24, 63, 46, 11, 33, 77, 54, 44, 44, 37, 34, 68, 52, 76, 21, 60, 45, 52, 53, 86, 25, 37, 34, 22, 7, 40, 61, 56, 62, 25, 26, 18, 33, 33, 90, 38, 34, 59, 57, 4, 9, 67, 26, 37, 62, 121, 79, 57, 29, 44, 34, 43, 8, 23, 30, 39, 93, 114, 30, 4, 59, 62, 78, 35, 42, 27, 21, 62, 22, 46, 69, 69, 39, 38, 48, 21, 20, 51, 50, 30, 48, 44, 24, 13, 33, 46, 42, 27, 48, 25, 57, 25, 31, 65, 59, 35, 117, 41, 30, 25, 5, 7, 70, 44, 45, 63, 50, 70, 35, 16, 38, 5, 27, 92, 102, 63, 20, 46, 34, 38, 45, 4, 19, 21, 39, 73, 65, 41, 71, 24, 49, 16, 16, 21, 41, 45, 42, 68, 18, 8, 12, 20, 38, 36, 61, 77, 10, 45, 73, 17, 45, 14, 70, 12, 28, 38, 91, 55, 42, 44, 16, 14, 7, 47, 36, 40, 28, 37, 20, 52, 17, 30, 28, 48, 15, 9, 18, 18, 7, 46, 44, 52, 22, 40, 29, 47, 70, 26, 3, 2, 35, 71, 44, 42, 43, 8, 92, 4, 88, 36, 40, 21, 27, 39, 27, 58, 28, 40, 5, 8, 8, 35, 21, 47, 67, 56, 25, 85, 30, 18, 27, 30, 74, 41, 42, 16, 20, 32, 63, 40, 31, 45, 55, 51, 18, 38, 18, 11, 3, 16, 7, 6, 7, 11, 108, 27, 44, 55, 43, 32, 4, 30, 3, 18, 6, 40, 79, 40, 32, 4, 5, 6, 8, 3, 22, 26, 17, 98, 8, 37, 75, 57, 35, 71, 29, 4, 50, 6, 40, 16, 4, 2, 6, 55, 17, 5, 15, 26, 32, 7, 31, ] # of comm: 550
Cora full(All nodes): FL + Cust2
   Max NMI = [0.532,0.537] res:= 30
   Partition sizes: [1, 134, 106, 28, 70, 2, 66, 130, 123, 58, 1, 1, 34, 124, 222, 236, 11, 4, 112, 16, 161, 164, 2, 1, 37, 130, 251, 1, 1, 1, 1, 1, 155, 1, 1, 1, 101, 63, 1, 104, 107, 105, 1, 2, 27, 158, 224, 83, 112, 125, 4, 286, 2, 22, 3, 111, 118, 462, 474, 201, 5, 2, 1, 43, 2, 2, 194, 107, 79, 50, 102, 3, 2, 13, 171, 33, 145, 32, 6, 162, 146, 206, 145, 4, 128, 287, 194, 125, 34, 138, 53, 4, 2, 108, 71, 100, 23, 30, 52, 150, 133, 43, 97, 77, 38, 214, 17, 193, 70, 1, 76, 1, 72, 132, 91, 119, 16, 67, 118, 117, 19, 131, 141, 6, 41, 5, 67, 208, 76, 193, 64, 90, 2, 1, 1, 1, 148, 107, 124, 72, 21, 219, 108, 212, 4, 30, 55, 32, 101, 166, 109, 84, 43, 53, 2, 50, 108, 15, 218, 142, 86, 90, 135, 110, 79, 94, 64, 2, 76, 52, 25, 3, 5, 118, 153, 6, 9, 98, 113, 26, 6, 83, 54, 78, 9, 67, 94, 124, 116, 73, 103, 29, 70, 142, 148, 31, 3, 33, 260, 66, 4, 9, 17, 70, 6, 32, 158, 45, 4, 47, 7, 118, 122, 37, 42, 4, 58, 18, 8, 17, 1, 48, 8, 377, 59, 108, 120, 5, 51, 95, 32, 63, 32, 37, 110, 107, 11, 60, 619, 89, 42, 30, 7, 148, 14, 51, 64, 84, 40, 3, 23, 69, 45, 90, 65, 67, 63, 33, 3, 71, 106, 12, 23, 39, 87, 49, 121, 100, 31, 12, 7, 1, 2, 114, 170, 63, 49, 58, 5, 69, 48, 49, 71, 55, 21, 86, 6, 23, 48, 3, 25, 4, 29, 57, 102, 352, 2, 3, 3, 53, 8, 3, 13, 72, 6, 7, 2, 37, 10, 4, 99, 61, 18, 70, 4, 5, 2, 8, 120, 53, 5, 10, 3, 4, 68, 2, 111, 2, 2, ] # of comm: 329
   Max Purity = [0.532,0.537] res:= 30
   Partition sizes: [1, 134, 106, 28, 70, 2, 66, 130, 123, 58, 1, 1, 34, 124, 222, 236, 11, 4, 112, 16, 161, 164, 2, 1, 37, 130, 251, 1, 1, 1, 1, 1, 155, 1, 1, 1, 101, 63, 1, 104, 107, 105, 1, 2, 27, 158, 224, 83, 112, 125, 4, 286, 2, 22, 3, 111, 118, 462, 474, 201, 5, 2, 1, 43, 2, 2, 194, 107, 79, 50, 102, 3, 2, 13, 171, 33, 145, 32, 6, 162, 146, 206, 145, 4, 128, 287, 194, 125, 34, 138, 53, 4, 2, 108, 71, 100, 23, 30, 52, 150, 133, 43, 97, 77, 38, 214, 17, 193, 70, 1, 76, 1, 72, 132, 91, 119, 16, 67, 118, 117, 19, 131, 141, 6, 41, 5, 67, 208, 76, 193, 64, 90, 2, 1, 1, 1, 148, 107, 124, 72, 21, 219, 108, 212, 4, 30, 55, 32, 101, 166, 109, 84, 43, 53, 2, 50, 108, 15, 218, 142, 86, 90, 135, 110, 79, 94, 64, 2, 76, 52, 25, 3, 5, 118, 153, 6, 9, 98, 113, 26, 6, 83, 54, 78, 9, 67, 94, 124, 116, 73, 103, 29, 70, 142, 148, 31, 3, 33, 260, 66, 4, 9, 17, 70, 6, 32, 158, 45, 4, 47, 7, 118, 122, 37, 42, 4, 58, 18, 8, 17, 1, 48, 8, 377, 59, 108, 120, 5, 51, 95, 32, 63, 32, 37, 110, 107, 11, 60, 619, 89, 42, 30, 7, 148, 14, 51, 64, 84, 40, 3, 23, 69, 45, 90, 65, 67, 63, 33, 3, 71, 106, 12, 23, 39, 87, 49, 121, 100, 31, 12, 7, 1, 2, 114, 170, 63, 49, 58, 5, 69, 48, 49, 71, 55, 21, 86, 6, 23, 48, 3, 25, 4, 29, 57, 102, 352, 2, 3, 3, 53, 8, 3, 13, 72, 6, 7, 2, 37, 10, 4, 99, 61, 18, 70, 4, 5, 2, 8, 120, 53, 5, 10, 3, 4, 68, 2, 111, 2, 2, ] # of comm: 329
Cora full(All nodes): FL + Cust6
   Max NMI = [0.533,0.542] res:= 30
   Partition sizes: [11, 1, 147, 106, 153, 27, 65, 2, 65, 2, 177, 49, 57, 1, 1, 1, 109, 71, 39, 212, 35, 197, 11, 1, 229, 92, 2, 58, 1, 36, 129, 3, 876, 1, 1, 1, 1, 1, 1, 1, 1, 138, 1, 1, 1, 1, 1, 75, 13, 2, 129, 100, 109, 1, 2, 172, 20, 182, 191, 155, 229, 4, 4, 99, 116, 235, 2, 107, 7, 41, 79, 31, 70, 61, 2, 40, 41, 110, 50, 129, 1, 2, 2, 251, 107, 77, 198, 2, 49, 186, 41, 39, 178, 6, 180, 75, 69, 180, 82, 17, 149, 4, 1, 158, 85, 461, 195, 33, 38, 25, 21, 43, 96, 110, 73, 4, 92, 102, 84, 32, 23, 32, 99, 47, 46, 74, 57, 97, 76, 98, 56, 42, 17, 1, 71, 1, 152, 66, 122, 14, 40, 86, 67, 44, 4, 46, 91, 108, 49, 84, 115, 48, 20, 316, 171, 38, 9, 67, 77, 75, 44, 75, 2, 1, 63, 116, 1, 47, 61, 6, 70, 112, 91, 71, 117, 79, 21, 50, 125, 29, 47, 141, 1, 82, 2, 50, 6, 134, 158, 125, 120, 43, 95, 23, 76, 221, 2, 62, 25, 3, 27, 5, 2, 1, 44, 105, 64, 6, 164, 84, 69, 15, 6, 83, 3, 9, 9, 32, 58, 69, 162, 45, 38, 72, 54, 72, 142, 4, 32, 52, 113, 153, 4, 6, 89, 146, 111, 4, 11, 116, 50, 30, 116, 459, 3, 86, 87, 73, 34, 108, 48, 364, 75, 77, 5, 42, 32, 1, 13, 30, 109, 1, 96, 49, 112, 9, 127, 31, 2, 35, 83, 7, 79, 71, 148, 43, 103, 16, 34, 3, 38, 78, 45, 18, 3, 10, 93, 18, 71, 65, 51, 25, 3, 31, 38, 104, 110, 18, 3, 12, 17, 133, 75, 111, 77, 58, 22, 2, 37, 3, 17, 106, 12, 1, 102, 62, 49, 8, 10, 13, 5, 3, 67, 17, 30, 6, 42, 48, 33, 52, 78, 3, 2, 18, 4, 29, 93, 5, 8, 47, 40, 59, 41, 14, 2, 3, 74, 31, 124, 3, 63, 58, 28, 51, 7, 2, 53, 14, 34, 10, 4, 63, 6, 5, 2, 8, 5, 217, 3, 4, 2, 2, 5, 2, ] # of comm: 374
   Max Purity = [0.533,0.542] res:= 30
   Partition sizes: [11, 1, 147, 106, 153, 27, 65, 2, 65, 2, 177, 49, 57, 1, 1, 1, 109, 71, 39, 212, 35, 197, 11, 1, 229, 92, 2, 58, 1, 36, 129, 3, 876, 1, 1, 1, 1, 1, 1, 1, 1, 138, 1, 1, 1, 1, 1, 75, 13, 2, 129, 100, 109, 1, 2, 172, 20, 182, 191, 155, 229, 4, 4, 99, 116, 235, 2, 107, 7, 41, 79, 31, 70, 61, 2, 40, 41, 110, 50, 129, 1, 2, 2, 251, 107, 77, 198, 2, 49, 186, 41, 39, 178, 6, 180, 75, 69, 180, 82, 17, 149, 4, 1, 158, 85, 461, 195, 33, 38, 25, 21, 43, 96, 110, 73, 4, 92, 102, 84, 32, 23, 32, 99, 47, 46, 74, 57, 97, 76, 98, 56, 42, 17, 1, 71, 1, 152, 66, 122, 14, 40, 86, 67, 44, 4, 46, 91, 108, 49, 84, 115, 48, 20, 316, 171, 38, 9, 67, 77, 75, 44, 75, 2, 1, 63, 116, 1, 47, 61, 6, 70, 112, 91, 71, 117, 79, 21, 50, 125, 29, 47, 141, 1, 82, 2, 50, 6, 134, 158, 125, 120, 43, 95, 23, 76, 221, 2, 62, 25, 3, 27, 5, 2, 1, 44, 105, 64, 6, 164, 84, 69, 15, 6, 83, 3, 9, 9, 32, 58, 69, 162, 45, 38, 72, 54, 72, 142, 4, 32, 52, 113, 153, 4, 6, 89, 146, 111, 4, 11, 116, 50, 30, 116, 459, 3, 86, 87, 73, 34, 108, 48, 364, 75, 77, 5, 42, 32, 1, 13, 30, 109, 1, 96, 49, 112, 9, 127, 31, 2, 35, 83, 7, 79, 71, 148, 43, 103, 16, 34, 3, 38, 78, 45, 18, 3, 10, 93, 18, 71, 65, 51, 25, 3, 31, 38, 104, 110, 18, 3, 12, 17, 133, 75, 111, 77, 58, 22, 2, 37, 3, 17, 106, 12, 1, 102, 62, 49, 8, 10, 13, 5, 3, 67, 17, 30, 6, 42, 48, 33, 52, 78, 3, 2, 18, 4, 29, 93, 5, 8, 47, 40, 59, 41, 14, 2, 3, 74, 31, 124, 3, 63, 58, 28, 51, 7, 2, 53, 14, 34, 10, 4, 63, 6, 5, 2, 8, 5, 217, 3, 4, 2, 2, 5, 2, ] # of comm: 374
Cora full(All nodes): FL + Cust11
   Max NMI = [0.536,0.577] res:= 30
   Partition sizes: [89, 59, 21, 39, 49, 39, 26, 106, 54, 2, 82, 49, 21, 71, 28, 52, 32, 32, 56, 27, 46, 66, 71, 53, 53, 93, 48, 35, 92, 37, 33, 4, 85, 37, 26, 92, 4, 59, 2, 21, 42, 37, 41, 13, 14, 16, 30, 50, 41, 16, 5, 87, 38, 85, 47, 71, 58, 83, 61, 53, 52, 49, 50, 44, 29, 61, 19, 37, 4, 15, 43, 24, 32, 10, 89, 94, 70, 8, 23, 44, 56, 35, 63, 54, 96, 21, 55, 66, 37, 117, 39, 24, 19, 44, 37, 38, 24, 22, 42, 48, 70, 64, 60, 46, 68, 35, 34, 33, 46, 50, 112, 16, 12, 16, 80, 93, 35, 41, 30, 21, 56, 19, 22, 29, 43, 14, 50, 69, 67, 29, 6, 36, 57, 67, 32, 84, 36, 11, 62, 24, 36, 74, 90, 93, 59, 20, 66, 26, 86, 72, 56, 31, 45, 37, 41, 36, 20, 26, 33, 40, 31, 16, 28, 25, 32, 59, 68, 19, 48, 62, 24, 25, 20, 43, 38, 55, 47, 104, 16, 78, 26, 42, 40, 72, 59, 5, 23, 50, 44, 61, 72, 118, 31, 35, 45, 38, 82, 24, 92, 60, 46, 86, 27, 98, 72, 39, 27, 97, 84, 81, 79, 28, 11, 35, 44, 14, 47, 35, 65, 104, 16, 68, 34, 40, 19, 93, 113, 114, 55, 69, 115, 44, 72, 75, 10, 15, 17, 26, 14, 70, 28, 14, 102, 20, 51, 47, 87, 39, 18, 49, 64, 38, 53, 3, 8, 73, 30, 40, 36, 40, 60, 54, 50, 22, 30, 56, 17, 68, 42, 39, 45, 20, 29, 65, 15, 43, 8, 41, 31, 29, 89, 68, 41, 66, 50, 32, 20, 43, 52, 16, 49, 21, 32, 74, 24, 8, 28, 33, 21, 25, 22, 67, 31, 35, 21, 51, 29, 7, 31, 28, 19, 41, 92, 40, 20, 34, 48, 4, 80, 35, 48, 17, 134, 71, 53, 27, 54, 43, 44, 56, 29, 33, 26, 22, 37, 32, 90, 32, 23, 44, 7, 75, 30, 54, 25, 15, 25, 93, 43, 29, 16, 81, 50, 112, 54, 23, 35, 33, 76, 24, 55, 57, 35, 45, 24, 23, 32, 31, 6, 83, 33, 47, 20, 55, 82, 79, 33, 57, 30, 50, 32, 25, 67, 38, 55, 92, 6, 108, 33, 61, 48, 17, 28, 21, 22, 5, 62, 10, 42, 19, 21, 87, 28, 40, 86, 33, 43, 109, 52, 44, 64, 38, 57, 49, 39, 37, 12, 33, 36, 8, 3, 38, 18, 43, 63, 6, 18, 26, 44, 30, 40, 49, 21, 39, 11, 62, 31, 59, 27, 97, 92, 40, 12, 22, 51, 49, 22, 24, 42, 46, 20, 19, 63, 11, 3, 44, 14, 7, 46, 28, 5, 43, 30, 59, 28, 57, 38, 76, 50, 40, 62, 81, 27, 39, 47, 14, 3, 33, 2, 30, 11, 4, 46, 56, 16, 30, 28, 7, 5, 53, 11, 40, 26, 17, 67, 79, 79, 66, 18, 22, 39, 77, 23, 25, 50, 8, 3, 19, 34, 32, 8, 47, 43, 3, 13, 20, 32, 48, 64, 7, 35, 32, 21, 48, 39, 36, 51, 17, 47, 40, 27, 26, 20, 4, 14, 14, 11, 30, 5, 6, 31, 8, 17, 7, 5, 45, 4, 6, 17, 6, 53, 49, 4, 2, 27, 6, 53, 23, ] # of comm: 558
   Max Purity = [0.536,0.577] res:= 30
   Partition sizes: [89, 59, 21, 39, 49, 39, 26, 106, 54, 2, 82, 49, 21, 71, 28, 52, 32, 32, 56, 27, 46, 66, 71, 53, 53, 93, 48, 35, 92, 37, 33, 4, 85, 37, 26, 92, 4, 59, 2, 21, 42, 37, 41, 13, 14, 16, 30, 50, 41, 16, 5, 87, 38, 85, 47, 71, 58, 83, 61, 53, 52, 49, 50, 44, 29, 61, 19, 37, 4, 15, 43, 24, 32, 10, 89, 94, 70, 8, 23, 44, 56, 35, 63, 54, 96, 21, 55, 66, 37, 117, 39, 24, 19, 44, 37, 38, 24, 22, 42, 48, 70, 64, 60, 46, 68, 35, 34, 33, 46, 50, 112, 16, 12, 16, 80, 93, 35, 41, 30, 21, 56, 19, 22, 29, 43, 14, 50, 69, 67, 29, 6, 36, 57, 67, 32, 84, 36, 11, 62, 24, 36, 74, 90, 93, 59, 20, 66, 26, 86, 72, 56, 31, 45, 37, 41, 36, 20, 26, 33, 40, 31, 16, 28, 25, 32, 59, 68, 19, 48, 62, 24, 25, 20, 43, 38, 55, 47, 104, 16, 78, 26, 42, 40, 72, 59, 5, 23, 50, 44, 61, 72, 118, 31, 35, 45, 38, 82, 24, 92, 60, 46, 86, 27, 98, 72, 39, 27, 97, 84, 81, 79, 28, 11, 35, 44, 14, 47, 35, 65, 104, 16, 68, 34, 40, 19, 93, 113, 114, 55, 69, 115, 44, 72, 75, 10, 15, 17, 26, 14, 70, 28, 14, 102, 20, 51, 47, 87, 39, 18, 49, 64, 38, 53, 3, 8, 73, 30, 40, 36, 40, 60, 54, 50, 22, 30, 56, 17, 68, 42, 39, 45, 20, 29, 65, 15, 43, 8, 41, 31, 29, 89, 68, 41, 66, 50, 32, 20, 43, 52, 16, 49, 21, 32, 74, 24, 8, 28, 33, 21, 25, 22, 67, 31, 35, 21, 51, 29, 7, 31, 28, 19, 41, 92, 40, 20, 34, 48, 4, 80, 35, 48, 17, 134, 71, 53, 27, 54, 43, 44, 56, 29, 33, 26, 22, 37, 32, 90, 32, 23, 44, 7, 75, 30, 54, 25, 15, 25, 93, 43, 29, 16, 81, 50, 112, 54, 23, 35, 33, 76, 24, 55, 57, 35, 45, 24, 23, 32, 31, 6, 83, 33, 47, 20, 55, 82, 79, 33, 57, 30, 50, 32, 25, 67, 38, 55, 92, 6, 108, 33, 61, 48, 17, 28, 21, 22, 5, 62, 10, 42, 19, 21, 87, 28, 40, 86, 33, 43, 109, 52, 44, 64, 38, 57, 49, 39, 37, 12, 33, 36, 8, 3, 38, 18, 43, 63, 6, 18, 26, 44, 30, 40, 49, 21, 39, 11, 62, 31, 59, 27, 97, 92, 40, 12, 22, 51, 49, 22, 24, 42, 46, 20, 19, 63, 11, 3, 44, 14, 7, 46, 28, 5, 43, 30, 59, 28, 57, 38, 76, 50, 40, 62, 81, 27, 39, 47, 14, 3, 33, 2, 30, 11, 4, 46, 56, 16, 30, 28, 7, 5, 53, 11, 40, 26, 17, 67, 79, 79, 66, 18, 22, 39, 77, 23, 25, 50, 8, 3, 19, 34, 32, 8, 47, 43, 3, 13, 20, 32, 48, 64, 7, 35, 32, 21, 48, 39, 36, 51, 17, 47, 40, 27, 26, 20, 4, 14, 14, 11, 30, 5, 6, 31, 8, 17, 7, 5, 45, 4, 6, 17, 6, 53, 49, 4, 2, 27, 6, 53, 23, ] # of comm: 558
Cora full(All nodes): FL_ng + Cust2
   Max NMI = [0.536,0.555] res:= 30
   Partition sizes: [275, 141, 37, 1, 126, 75, 95, 74, 104, 214, 338, 1, 2, 121, 37, 1, 20, 1, 1, 53, 1, 1, 41, 481, 123, 212, 148, 48, 3, 1, 75, 36, 1, 4, 247, 1, 142, 1, 104, 269, 1, 1, 63, 2, 36, 126, 1, 92, 1, 1, 1, 179, 57, 39, 28, 2, 2, 95, 1, 1, 1, 173, 1, 67, 1, 151, 79, 1, 1, 1, 116, 61, 1, 1, 1, 123, 43, 60, 1, 1, 1, 1, 159, 183, 1, 33, 3, 154, 102, 126, 13, 106, 1, 76, 1, 1, 7, 1, 127, 1, 46, 269, 1, 1, 1, 129, 126, 1, 1, 1, 2, 441, 1, 42, 59, 1, 98, 1, 3, 1, 60, 88, 1, 1, 2, 186, 1, 1, 1, 1, 64, 1, 1, 46, 1, 13, 1, 91, 72, 1, 8, 62, 24, 22, 14, 1, 1, 8, 17, 1, 1, 77, 38, 1, 32, 1, 1, 1, 89, 177, 266, 51, 35, 46, 111, 1, 65, 1, 1, 61, 1, 101, 100, 1, 1, 1, 1, 1, 1, 130, 2, 107, 58, 98, 1, 30, 1, 83, 16, 30, 1, 1, 130, 1, 1, 1, 1, 1, 20, 66, 8, 1, 1, 31, 113, 28, 1, 38, 169, 1, 66, 1, 177, 1, 1, 13, 1, 23, 17, 1, 1, 1, 63, 1, 94, 20, 1, 98, 27, 58, 76, 1, 1, 1, 84, 190, 45, 104, 1, 104, 117, 91, 1, 206, 37, 1, 78, 1, 1, 1, 1, 1, 131, 79, 1, 1, 1, 107, 64, 33, 1, 1, 1, 1, 37, 1, 1, 1, 2, 114, 50, 24, 11, 126, 1, 1, 1, 1, 1, 1, 1, 1, 140, 96, 1, 1, 62, 30, 189, 1, 1, 101, 75, 113, 1, 1, 47, 102, 1, 1, 175, 30, 2, 93, 1, 78, 1, 41, 1, 1, 112, 16, 1, 48, 124, 75, 58, 35, 1, 1, 24, 1, 1, 1, 1, 2, 2, 86, 1, 1, 3, 1, 1, 1, 1, 1, 150, 1, 6, 1, 1, 87, 1, 1, 74, 1, 9, 1, 37, 66, 1, 1, 27, 1, 1, 1, 1, 1, 9, 101, 43, 121, 59, 1, 1, 1, 110, 87, 79, 1, 32, 74, 1, 1, 1, 23, 1, 43, 1, 1, 3, 1, 1, 2, 1, 1, 1, 46, 2, 66, 47, 98, 36, 96, 1, 1, 1, 1, 73, 1, 38, 31, 1, 1, 1, 5, 61, 60, 1, 1, 1, 9, 389, 1, 1, 8, 18, 1, 1, 1, 1, 1, 49, 1, 1, 56, 1, 1, 1, 1, 1, 5, 39, 1, 197, 1, 1, 1, 10, 113, 26, 47, 5, 8, 1, 1, 49, 1, 1, 1, 27, 68, 1, 37, 26, 140, 18, 1, 2, 25, 1, 1, 1, 181, 1, 1, 1, 31, 1, 1, 1, 67, 1, 1, 1, 1, 1, 79, 1, 1, 35, 1, 17, 55, 142, 14, 22, 1, 1, 1, 1, 1, 1, 1, 23, 48, 5, 1, 31, 22, 48, 1, 66, 3, 10, 1, 1, 1, 1, 1, 3, 74, 70, 1, 1, 1, 1, 3, 85, 1, 1, 1, 1, 1, 62, 1, 1, 18, 12, 1, 1, 1, 47, 1, 8, 76, 35, 1, 1, 1, 1, 1, 4, 1, 1, 51, 141, 1, 10, 1, 1, 96, 1, 91, 1, 33, 1, 1, 1, 16, 33, 51, 1, 1, 1, 34, 1, 3, 1, 82, 10, 4, 41, 1, 1, 81, 1, 45, 1, 71, 1, 1, 1, 2, 1, 1, 2, 1, 1, 10, 1, 1, 6, 1, 70, 1, 1, 1, 43, 1, 1, 1, 1, 43, 1, 1, 1, 1, 1, 3, 1, 2, 2, 20, 1, 1, 3, 1, 82, 4, 39, 1, 1, 19, 1, 1, 1, 2, 1, 1, 1, 74, 1, 1, 40, 27, 1, 44, 1, 1, 1, 40, 1, 1, 1, 1, 1, 1, 1, 2, 1, 3, 1, 1, 1, 3, 128, 1, 1, 3, 1, 3, 44, 23, 58, 9, 1, 7, 39, 72, 1, 3, 1, 1, 2, 1, 46, 1, 1, 1, 89, 1, 1, 1, 30, 1, 6, 1, 7, 2, 1, 1, 1, 1, 55, 9, 1, 1, 1, 97, 1, 17, 1, 4, 1, 69, 1, 6, 72, 51, 27, 3, 29, 6, 1, 1, 1, 1, 1, 1, 4, 1, 1, 5, 1, 2, 1, 7, 8, 1, 1, 35, 5, 1, 1, 2, 1, 4, 1, 135, 3, 1, 30, 1, 1, 1, 4, 1, 1, 1, 2, 1, 1, 1, 1, 1, 1, 5, 1, 2, 1, 2, 1, 1, 2, 2, 1, 1, 1, 2, 2, 1, 1, 2, 2, 5, 2, 2, 4, 1, 4, 2, 1, 1, 2, 53, 2, 2, ] # of comm: 788
   Max Purity = [0.536,0.555] res:= 30
   Partition sizes: [275, 141, 37, 1, 126, 75, 95, 74, 104, 214, 338, 1, 2, 121, 37, 1, 20, 1, 1, 53, 1, 1, 41, 481, 123, 212, 148, 48, 3, 1, 75, 36, 1, 4, 247, 1, 142, 1, 104, 269, 1, 1, 63, 2, 36, 126, 1, 92, 1, 1, 1, 179, 57, 39, 28, 2, 2, 95, 1, 1, 1, 173, 1, 67, 1, 151, 79, 1, 1, 1, 116, 61, 1, 1, 1, 123, 43, 60, 1, 1, 1, 1, 159, 183, 1, 33, 3, 154, 102, 126, 13, 106, 1, 76, 1, 1, 7, 1, 127, 1, 46, 269, 1, 1, 1, 129, 126, 1, 1, 1, 2, 441, 1, 42, 59, 1, 98, 1, 3, 1, 60, 88, 1, 1, 2, 186, 1, 1, 1, 1, 64, 1, 1, 46, 1, 13, 1, 91, 72, 1, 8, 62, 24, 22, 14, 1, 1, 8, 17, 1, 1, 77, 38, 1, 32, 1, 1, 1, 89, 177, 266, 51, 35, 46, 111, 1, 65, 1, 1, 61, 1, 101, 100, 1, 1, 1, 1, 1, 1, 130, 2, 107, 58, 98, 1, 30, 1, 83, 16, 30, 1, 1, 130, 1, 1, 1, 1, 1, 20, 66, 8, 1, 1, 31, 113, 28, 1, 38, 169, 1, 66, 1, 177, 1, 1, 13, 1, 23, 17, 1, 1, 1, 63, 1, 94, 20, 1, 98, 27, 58, 76, 1, 1, 1, 84, 190, 45, 104, 1, 104, 117, 91, 1, 206, 37, 1, 78, 1, 1, 1, 1, 1, 131, 79, 1, 1, 1, 107, 64, 33, 1, 1, 1, 1, 37, 1, 1, 1, 2, 114, 50, 24, 11, 126, 1, 1, 1, 1, 1, 1, 1, 1, 140, 96, 1, 1, 62, 30, 189, 1, 1, 101, 75, 113, 1, 1, 47, 102, 1, 1, 175, 30, 2, 93, 1, 78, 1, 41, 1, 1, 112, 16, 1, 48, 124, 75, 58, 35, 1, 1, 24, 1, 1, 1, 1, 2, 2, 86, 1, 1, 3, 1, 1, 1, 1, 1, 150, 1, 6, 1, 1, 87, 1, 1, 74, 1, 9, 1, 37, 66, 1, 1, 27, 1, 1, 1, 1, 1, 9, 101, 43, 121, 59, 1, 1, 1, 110, 87, 79, 1, 32, 74, 1, 1, 1, 23, 1, 43, 1, 1, 3, 1, 1, 2, 1, 1, 1, 46, 2, 66, 47, 98, 36, 96, 1, 1, 1, 1, 73, 1, 38, 31, 1, 1, 1, 5, 61, 60, 1, 1, 1, 9, 389, 1, 1, 8, 18, 1, 1, 1, 1, 1, 49, 1, 1, 56, 1, 1, 1, 1, 1, 5, 39, 1, 197, 1, 1, 1, 10, 113, 26, 47, 5, 8, 1, 1, 49, 1, 1, 1, 27, 68, 1, 37, 26, 140, 18, 1, 2, 25, 1, 1, 1, 181, 1, 1, 1, 31, 1, 1, 1, 67, 1, 1, 1, 1, 1, 79, 1, 1, 35, 1, 17, 55, 142, 14, 22, 1, 1, 1, 1, 1, 1, 1, 23, 48, 5, 1, 31, 22, 48, 1, 66, 3, 10, 1, 1, 1, 1, 1, 3, 74, 70, 1, 1, 1, 1, 3, 85, 1, 1, 1, 1, 1, 62, 1, 1, 18, 12, 1, 1, 1, 47, 1, 8, 76, 35, 1, 1, 1, 1, 1, 4, 1, 1, 51, 141, 1, 10, 1, 1, 96, 1, 91, 1, 33, 1, 1, 1, 16, 33, 51, 1, 1, 1, 34, 1, 3, 1, 82, 10, 4, 41, 1, 1, 81, 1, 45, 1, 71, 1, 1, 1, 2, 1, 1, 2, 1, 1, 10, 1, 1, 6, 1, 70, 1, 1, 1, 43, 1, 1, 1, 1, 43, 1, 1, 1, 1, 1, 3, 1, 2, 2, 20, 1, 1, 3, 1, 82, 4, 39, 1, 1, 19, 1, 1, 1, 2, 1, 1, 1, 74, 1, 1, 40, 27, 1, 44, 1, 1, 1, 40, 1, 1, 1, 1, 1, 1, 1, 2, 1, 3, 1, 1, 1, 3, 128, 1, 1, 3, 1, 3, 44, 23, 58, 9, 1, 7, 39, 72, 1, 3, 1, 1, 2, 1, 46, 1, 1, 1, 89, 1, 1, 1, 30, 1, 6, 1, 7, 2, 1, 1, 1, 1, 55, 9, 1, 1, 1, 97, 1, 17, 1, 4, 1, 69, 1, 6, 72, 51, 27, 3, 29, 6, 1, 1, 1, 1, 1, 1, 4, 1, 1, 5, 1, 2, 1, 7, 8, 1, 1, 35, 5, 1, 1, 2, 1, 4, 1, 135, 3, 1, 30, 1, 1, 1, 4, 1, 1, 1, 2, 1, 1, 1, 1, 1, 1, 5, 1, 2, 1, 2, 1, 1, 2, 2, 1, 1, 1, 2, 2, 1, 1, 2, 2, 5, 2, 2, 4, 1, 4, 2, 1, 1, 2, 53, 2, 2, ] # of comm: 788
Cora full(All nodes): FL_ng + Cust6
   Max NMI = [0.536,0.558] res:= 30
   Partition sizes: [278, 2, 37, 1, 168, 101, 92, 129, 344, 56, 1, 2, 438, 46, 53, 215, 2, 39, 1, 22, 1, 1, 84, 1, 1, 167, 1, 66, 46, 42, 35, 462, 124, 3, 66, 1, 36, 191, 1, 4, 11, 36, 1, 144, 1, 1, 2, 55, 1, 72, 2, 99, 36, 131, 1, 1, 1, 1, 102, 76, 182, 125, 20, 21, 60, 2, 24, 60, 2, 1, 1, 1, 66, 1, 1, 57, 65, 1, 358, 77, 200, 1, 1, 1, 97, 136, 1, 4, 1, 30, 1, 176, 1, 1, 1, 37, 1, 89, 1, 3, 81, 5, 13, 87, 148, 1, 80, 1, 57, 102, 1, 1, 115, 7, 1, 66, 258, 1, 1, 1, 51, 115, 170, 17, 42, 1, 1, 1, 33, 2, 3, 29, 1, 84, 49, 1, 98, 3, 1, 3, 1, 14, 92, 72, 221, 1, 52, 1, 2, 1, 1, 1, 1, 105, 44, 1, 102, 1, 28, 46, 35, 61, 1, 1, 1, 53, 24, 88, 117, 112, 1, 1, 1, 1, 169, 81, 22, 57, 1, 33, 1, 1, 1, 87, 170, 13, 251, 70, 55, 21, 1, 1, 1, 1, 101, 140, 1, 1, 42, 1, 1, 59, 1, 1, 129, 2, 34, 2, 60, 98, 52, 1, 1, 4, 57, 76, 1, 1, 5, 1, 1, 1, 1, 54, 1, 43, 19, 85, 8, 1, 48, 1, 66, 56, 45, 152, 31, 126, 1, 33, 1, 1, 64, 1, 1, 4, 1, 23, 17, 81, 198, 175, 8, 1, 1, 1, 63, 13, 1, 57, 13, 29, 17, 1, 72, 17, 44, 1, 80, 1, 1, 34, 51, 139, 42, 169, 45, 55, 1, 41, 115, 55, 1, 1, 35, 76, 58, 72, 1, 1, 1, 1, 1, 77, 1, 1, 1, 120, 1, 1, 1, 1, 36, 1, 1, 1, 2, 119, 26, 3, 1, 1, 1, 43, 1, 1, 66, 1, 94, 3, 1, 1, 90, 1, 1, 88, 1, 1, 101, 72, 1, 1, 1, 1, 108, 2, 88, 1, 1, 35, 1, 1, 8, 112, 16, 1, 143, 45, 75, 1, 1, 59, 1, 1, 1, 98, 1, 2, 2, 44, 1, 1, 41, 3, 74, 1, 1, 1, 1, 1, 36, 1, 22, 6, 1, 1, 87, 1, 1, 1, 83, 9, 1, 1, 1, 132, 63, 63, 18, 1, 1, 1, 1, 1, 1, 1, 1, 36, 79, 67, 136, 65, 104, 1, 1, 1, 1, 23, 75, 71, 124, 1, 53, 33, 1, 117, 1, 3, 1, 1, 2, 4, 1, 1, 1, 36, 94, 2, 46, 58, 66, 9, 1, 34, 1, 1, 1, 1, 1, 1, 1, 68, 53, 61, 58, 75, 1, 1, 1, 363, 1, 1, 81, 42, 8, 6, 1, 1, 1, 22, 1, 1, 37, 1, 105, 86, 41, 34, 5, 1, 1, 1, 1, 1, 1, 5, 39, 1, 1, 1, 1, 10, 68, 209, 115, 26, 29, 16, 5, 1, 1, 1, 1, 1, 1, 23, 30, 18, 1, 2, 1, 1, 27, 1, 1, 1, 1, 27, 1, 1, 1, 1, 1, 1, 1, 1, 56, 1, 1, 35, 1, 141, 33, 1, 1, 1, 1, 1, 23, 1, 1, 22, 65, 5, 1, 33, 1, 114, 30, 3, 1, 1, 44, 1, 1, 72, 1, 8, 8, 3, 74, 1, 1, 1, 1, 6, 3, 32, 74, 1, 1, 1, 83, 1, 16, 1, 21, 1, 1, 16, 18, 12, 44, 1, 16, 1, 19, 1, 10, 9, 2, 1, 1, 2, 1, 49, 1, 102, 1, 1, 4, 1, 39, 56, 1, 24, 1, 10, 1, 1, 1, 62, 1, 1, 1, 1, 1, 1, 1, 34, 1, 1, 10, 4, 63, 1, 1, 33, 29, 1, 67, 25, 14, 1, 1, 1, 1, 1, 1, 2, 1, 39, 1, 10, 1, 1, 6, 1, 25, 1, 1, 1, 1, 1, 1, 1, 1, 1, 1, 1, 1, 3, 1, 2, 2, 21, 1, 1, 1, 41, 4, 1, 1, 95, 1, 1, 38, 1, 2, 1, 1, 1, 1, 1, 19, 14, 1, 41, 1, 29, 1, 1, 1, 1, 145, 1, 1, 1, 1, 1, 2, 97, 1, 3, 31, 3, 1, 1, 1, 3, 1, 1, 3, 1, 3, 40, 24, 33, 65, 9, 1, 119, 53, 76, 1, 3, 72, 1, 1, 2, 15, 1, 1, 1, 1, 85, 1, 1, 1, 1, 41, 6, 1, 7, 2, 2, 1, 1, 1, 1, 53, 9, 1, 52, 2, 1, 1, 34, 1, 1, 18, 4, 1, 21, 1, 24, 3, 6, 1, 1, 1, 1, 1, 1, 4, 1, 1, 5, 1, 2, 1, 7, 13, 30, 1, 1, 5, 1, 95, 1, 2, 1, 4, 1, 1, 1, 1, 1, 4, 1, 1, 1, 2, 1, 1, 1, 1, 1, 1, 5, 1, 2, 31, 6, 1, 2, 1, 1, 2, 2, 2, 2, 1, 1, 1, 2, 2, 1, 1, 2, 2, 5, 2, 2, 4, 1, 4, 2, 1, 1, 2, 2, 2, ] # of comm: 833
   Max Purity = [0.536,0.558] res:= 30
   Partition sizes: [278, 2, 37, 1, 168, 101, 92, 129, 344, 56, 1, 2, 438, 46, 53, 215, 2, 39, 1, 22, 1, 1, 84, 1, 1, 167, 1, 66, 46, 42, 35, 462, 124, 3, 66, 1, 36, 191, 1, 4, 11, 36, 1, 144, 1, 1, 2, 55, 1, 72, 2, 99, 36, 131, 1, 1, 1, 1, 102, 76, 182, 125, 20, 21, 60, 2, 24, 60, 2, 1, 1, 1, 66, 1, 1, 57, 65, 1, 358, 77, 200, 1, 1, 1, 97, 136, 1, 4, 1, 30, 1, 176, 1, 1, 1, 37, 1, 89, 1, 3, 81, 5, 13, 87, 148, 1, 80, 1, 57, 102, 1, 1, 115, 7, 1, 66, 258, 1, 1, 1, 51, 115, 170, 17, 42, 1, 1, 1, 33, 2, 3, 29, 1, 84, 49, 1, 98, 3, 1, 3, 1, 14, 92, 72, 221, 1, 52, 1, 2, 1, 1, 1, 1, 105, 44, 1, 102, 1, 28, 46, 35, 61, 1, 1, 1, 53, 24, 88, 117, 112, 1, 1, 1, 1, 169, 81, 22, 57, 1, 33, 1, 1, 1, 87, 170, 13, 251, 70, 55, 21, 1, 1, 1, 1, 101, 140, 1, 1, 42, 1, 1, 59, 1, 1, 129, 2, 34, 2, 60, 98, 52, 1, 1, 4, 57, 76, 1, 1, 5, 1, 1, 1, 1, 54, 1, 43, 19, 85, 8, 1, 48, 1, 66, 56, 45, 152, 31, 126, 1, 33, 1, 1, 64, 1, 1, 4, 1, 23, 17, 81, 198, 175, 8, 1, 1, 1, 63, 13, 1, 57, 13, 29, 17, 1, 72, 17, 44, 1, 80, 1, 1, 34, 51, 139, 42, 169, 45, 55, 1, 41, 115, 55, 1, 1, 35, 76, 58, 72, 1, 1, 1, 1, 1, 77, 1, 1, 1, 120, 1, 1, 1, 1, 36, 1, 1, 1, 2, 119, 26, 3, 1, 1, 1, 43, 1, 1, 66, 1, 94, 3, 1, 1, 90, 1, 1, 88, 1, 1, 101, 72, 1, 1, 1, 1, 108, 2, 88, 1, 1, 35, 1, 1, 8, 112, 16, 1, 143, 45, 75, 1, 1, 59, 1, 1, 1, 98, 1, 2, 2, 44, 1, 1, 41, 3, 74, 1, 1, 1, 1, 1, 36, 1, 22, 6, 1, 1, 87, 1, 1, 1, 83, 9, 1, 1, 1, 132, 63, 63, 18, 1, 1, 1, 1, 1, 1, 1, 1, 36, 79, 67, 136, 65, 104, 1, 1, 1, 1, 23, 75, 71, 124, 1, 53, 33, 1, 117, 1, 3, 1, 1, 2, 4, 1, 1, 1, 36, 94, 2, 46, 58, 66, 9, 1, 34, 1, 1, 1, 1, 1, 1, 1, 68, 53, 61, 58, 75, 1, 1, 1, 363, 1, 1, 81, 42, 8, 6, 1, 1, 1, 22, 1, 1, 37, 1, 105, 86, 41, 34, 5, 1, 1, 1, 1, 1, 1, 5, 39, 1, 1, 1, 1, 10, 68, 209, 115, 26, 29, 16, 5, 1, 1, 1, 1, 1, 1, 23, 30, 18, 1, 2, 1, 1, 27, 1, 1, 1, 1, 27, 1, 1, 1, 1, 1, 1, 1, 1, 56, 1, 1, 35, 1, 141, 33, 1, 1, 1, 1, 1, 23, 1, 1, 22, 65, 5, 1, 33, 1, 114, 30, 3, 1, 1, 44, 1, 1, 72, 1, 8, 8, 3, 74, 1, 1, 1, 1, 6, 3, 32, 74, 1, 1, 1, 83, 1, 16, 1, 21, 1, 1, 16, 18, 12, 44, 1, 16, 1, 19, 1, 10, 9, 2, 1, 1, 2, 1, 49, 1, 102, 1, 1, 4, 1, 39, 56, 1, 24, 1, 10, 1, 1, 1, 62, 1, 1, 1, 1, 1, 1, 1, 34, 1, 1, 10, 4, 63, 1, 1, 33, 29, 1, 67, 25, 14, 1, 1, 1, 1, 1, 1, 2, 1, 39, 1, 10, 1, 1, 6, 1, 25, 1, 1, 1, 1, 1, 1, 1, 1, 1, 1, 1, 1, 3, 1, 2, 2, 21, 1, 1, 1, 41, 4, 1, 1, 95, 1, 1, 38, 1, 2, 1, 1, 1, 1, 1, 19, 14, 1, 41, 1, 29, 1, 1, 1, 1, 145, 1, 1, 1, 1, 1, 2, 97, 1, 3, 31, 3, 1, 1, 1, 3, 1, 1, 3, 1, 3, 40, 24, 33, 65, 9, 1, 119, 53, 76, 1, 3, 72, 1, 1, 2, 15, 1, 1, 1, 1, 85, 1, 1, 1, 1, 41, 6, 1, 7, 2, 2, 1, 1, 1, 1, 53, 9, 1, 52, 2, 1, 1, 34, 1, 1, 18, 4, 1, 21, 1, 24, 3, 6, 1, 1, 1, 1, 1, 1, 4, 1, 1, 5, 1, 2, 1, 7, 13, 30, 1, 1, 5, 1, 95, 1, 2, 1, 4, 1, 1, 1, 1, 1, 4, 1, 1, 1, 2, 1, 1, 1, 1, 1, 1, 5, 1, 2, 31, 6, 1, 2, 1, 1, 2, 2, 2, 2, 1, 1, 1, 2, 2, 1, 1, 2, 2, 5, 2, 2, 4, 1, 4, 2, 1, 1, 2, 2, 2, ] # of comm: 833
Cora full(All nodes): FL_ng + Cust11
   Max NMI = [0.537,0.578] res:= 25
   Partition sizes: [1, 83, 59, 14, 27, 1, 17, 47, 52, 109, 1, 18, 1, 1, 1, 1, 10, 68, 23, 1, 137, 1, 79, 1, 88, 55, 1, 86, 1, 31, 53, 1, 92, 1, 1, 1, 80, 62, 44, 32, 4, 122, 6, 65, 85, 41, 24, 77, 24, 1, 1, 40, 41, 54, 92, 1, 75, 20, 1, 1, 1, 49, 28, 6, 5, 45, 1, 1, 58, 39, 27, 1, 69, 1, 1, 1, 14, 117, 52, 25, 61, 44, 23, 1, 20, 76, 82, 5, 22, 1, 1, 1, 1, 52, 58, 1, 71, 86, 1, 1, 1, 110, 16, 34, 29, 1, 1, 1, 1, 1, 99, 1, 1, 57, 53, 64, 1, 20, 39, 37, 9, 49, 1, 35, 140, 1, 1, 1, 7, 38, 1, 45, 1, 1, 1, 56, 48, 61, 1, 12, 26, 16, 37, 37, 8, 1, 1, 67, 31, 1, 24, 1, 35, 61, 140, 38, 1, 42, 73, 68, 1, 1, 1, 26, 147, 49, 26, 21, 1, 1, 1, 1, 88, 81, 31, 1, 73, 1, 159, 43, 1, 1, 1, 1, 42, 94, 23, 1, 11, 1, 42, 1, 1, 1, 1, 1, 1, 66, 1, 91, 1, 37, 1, 68, 55, 70, 11, 45, 1, 26, 47, 1, 1, 1, 1, 29, 1, 34, 51, 11, 1, 56, 56, 1, 1, 1, 15, 30, 48, 1, 130, 46, 97, 1, 1, 1, 33, 161, 23, 57, 103, 104, 60, 34, 57, 152, 1, 34, 42, 21, 1, 99, 29, 121, 55, 1, 51, 93, 58, 1, 1, 1, 1, 1, 68, 66, 16, 62, 1, 1, 1, 43, 78, 70, 1, 1, 1, 1, 1, 1, 1, 95, 1, 70, 53, 42, 1, 1, 42, 34, 1, 11, 85, 1, 21, 1, 99, 1, 50, 19, 30, 4, 92, 1, 44, 108, 155, 1, 49, 88, 1, 1, 76, 27, 36, 34, 42, 48, 100, 1, 84, 1, 51, 72, 1, 1, 24, 70, 57, 1, 67, 41, 1, 68, 12, 1, 1, 84, 80, 1, 56, 48, 47, 48, 108, 101, 151, 53, 1, 1, 73, 81, 48, 37, 1, 1, 1, 14, 61, 1, 2, 1, 1, 22, 58, 1, 39, 1, 1, 1, 1, 57, 31, 23, 49, 66, 1, 44, 24, 48, 1, 119, 1, 1, 1, 46, 1, 39, 28, 95, 62, 25, 13, 1, 1, 105, 1, 46, 30, 34, 18, 1, 60, 1, 1, 1, 1, 42, 24, 15, 23, 41, 62, 1, 1, 1, 34, 94, 30, 16, 34, 1, 45, 41, 1, 1, 1, 66, 1, 21, 1, 56, 1, 3, 1, 1, 2, 70, 1, 1, 1, 43, 55, 43, 55, 25, 39, 2, 93, 46, 37, 26, 1, 15, 39, 40, 78, 1, 1, 1, 1, 34, 93, 144, 1, 1, 1, 93, 7, 26, 44, 5, 79, 34, 29, 49, 83, 1, 1, 1, 58, 112, 1, 1, 56, 65, 34, 41, 95, 8, 64, 45, 1, 1, 1, 17, 1, 1, 1, 61, 39, 47, 1, 52, 1, 1, 1, 44, 35, 1, 1, 52, 56, 1, 12, 1, 18, 17, 1, 10, 1, 55, 38, 21, 28, 33, 5, 110, 4, 29, 12, 1, 13, 1, 1, 1, 1, 38, 6, 79, 95, 22, 1, 98, 80, 1, 21, 1, 1, 113, 33, 1, 22, 1, 1, 38, 1, 1, 1, 1, 1, 1, 1, 1, 1, 42, 43, 1, 1, 74, 35, 1, 80, 1, 1, 26, 33, 1, 1, 1, 1, 1, 89, 11, 28, 1, 41, 1, 98, 1, 73, 1, 1, 1, 18, 18, 15, 44, 1, 26, 51, 25, 4, 45, 127, 32, 1, 1, 1, 1, 37, 3, 1, 1, 19, 1, 5, 1, 1, 1, 19, 3, 12, 40, 1, 18, 1, 29, 35, 1, 45, 1, 84, 1, 16, 43, 39, 1, 26, 60, 1, 81, 48, 1, 1, 4, 1, 37, 1, 1, 10, 1, 1, 36, 1, 41, 60, 164, 1, 1, 1, 29, 1, 44, 33, 29, 47, 81, 1, 1, 1, 57, 38, 1, 52, 3, 14, 1, 22, 72, 1, 1, 1, 59, 34, 1, 26, 49, 1, 1, 1, 1, 37, 1, 2, 1, 36, 42, 21, 1, 1, 1, 11, 7, 1, 1, 1, 1, 1, 1, 1, 1, 42, 1, 41, 1, 13, 1, 1, 1, 1, 2, 21, 1, 1, 4, 21, 1, 21, 67, 1, 45, 45, 7, 71, 1, 18, 60, 5, 1, 1, 2, 1, 43, 1, 1, 80, 1, 1, 23, 26, 1, 11, 1, 1, 1, 1, 1, 1, 1, 1, 1, 1, 23, 22, 1, 76, 1, 70, 1, 1, 3, 40, 1, 1, 1, 9, 3, 22, 9, 1, 83, 13, 74, 45, 1, 3, 37, 1, 1, 75, 2, 1, 1, 1, 1, 1, 1, 1, 30, 1, 6, 1, 14, 2, 28, 1, 82, 1, 1, 1, 41, 1, 1, 39, 95, 38, 1, 1, 1, 4, 1, 20, 1, 10, 6, 60, 3, 46, 38, 1, 1, 1, 89, 31, 1, 1, 1, 4, 83, 1, 1, 5, 1, 27, 1, 7, 8, 15, 1, 1, 24, 31, 5, 1, 1, 2, 10, 1, 1, 29, 1, 1, 1, 1, 4, 1, 1, 1, 2, 1, 1, 1, 1, 50, 1, 1, 1, 2, 13, 27, 1, 2, 1, 1, 2, 4, 2, 2, 1, 1, 1, 2, 2, 1, 1, 2, 4, 1, 4, 37, 1, 1, 68, 14, 2, ] # of comm: 906
   Max Purity = [0.536,0.582] res:= 30
   Partition sizes: [1, 27, 119, 141, 37, 89, 125, 93, 26, 159, 20, 1, 2, 93, 1, 80, 1, 1, 35, 1, 1, 1, 27, 47, 68, 75, 1, 35, 62, 52, 1, 25, 43, 65, 26, 62, 75, 1, 37, 139, 1, 57, 1, 64, 1, 1, 1, 1, 59, 23, 28, 7, 103, 29, 100, 41, 25, 38, 1, 1, 40, 22, 40, 13, 1, 73, 28, 33, 68, 45, 78, 45, 1, 1, 1, 93, 1, 1, 50, 30, 1, 36, 1, 1, 1, 95, 23, 61, 63, 38, 59, 1, 82, 53, 24, 1, 20, 29, 1, 22, 48, 1, 1, 1, 76, 33, 61, 48, 64, 71, 90, 86, 1, 1, 1, 20, 66, 21, 21, 25, 1, 1, 1, 1, 1, 29, 1, 1, 23, 57, 82, 36, 34, 1, 22, 122, 32, 39, 38, 7, 14, 1, 21, 55, 1, 1, 1, 4, 100, 74, 1, 45, 1, 80, 29, 1, 1, 21, 1, 24, 28, 101, 16, 40, 36, 86, 24, 41, 86, 60, 1, 1, 16, 47, 14, 80, 1, 1, 22, 48, 48, 37, 17, 52, 1, 40, 63, 1, 5, 1, 1, 44, 96, 81, 57, 28, 79, 22, 52, 4, 1, 1, 1, 1, 81, 58, 13, 1, 71, 1, 1, 1, 1, 1, 37, 24, 40, 80, 67, 55, 1, 1, 17, 1, 1, 1, 1, 91, 1, 1, 71, 29, 1, 60, 1, 1, 75, 98, 1, 59, 42, 1, 22, 10, 1, 1, 1, 47, 21, 1, 22, 39, 1, 1, 46, 12, 1, 1, 36, 1, 24, 98, 1, 65, 15, 78, 1, 1, 12, 23, 10, 69, 94, 92, 68, 75, 26, 39, 1, 14, 41, 39, 34, 43, 1, 97, 52, 1, 34, 93, 6, 108, 1, 1, 1, 1, 1, 78, 1, 1, 1, 43, 37, 71, 36, 1, 1, 1, 99, 1, 1, 1, 1, 22, 22, 63, 1, 48, 13, 1, 1, 36, 75, 1, 43, 57, 1, 30, 36, 66, 46, 1, 84, 44, 1, 19, 32, 1, 1, 23, 45, 81, 21, 1, 1, 22, 48, 16, 77, 1, 1, 30, 1, 1, 56, 64, 1, 63, 34, 1, 91, 28, 1, 1, 8, 94, 92, 51, 1, 46, 56, 103, 1, 25, 16, 66, 1, 1, 80, 1, 1, 1, 68, 1, 2, 1, 25, 1, 57, 48, 22, 1, 14, 1, 1, 1, 1, 53, 132, 33, 66, 1, 44, 28, 17, 6, 1, 7, 65, 1, 1, 61, 1, 54, 1, 25, 34, 16, 55, 1, 16, 1, 1, 56, 83, 1, 42, 48, 67, 1, 1, 1, 26, 1, 43, 24, 50, 59, 11, 76, 21, 39, 23, 1, 1, 36, 1, 52, 27, 7, 54, 46, 30, 1, 32, 45, 39, 1, 1, 1, 11, 1, 42, 1, 1, 1, 1, 2, 80, 43, 1, 1, 1, 43, 49, 36, 35, 90, 57, 2, 25, 76, 60, 53, 27, 1, 37, 68, 1, 1, 1, 70, 1, 1, 1, 1, 38, 7, 35, 24, 5, 34, 91, 48, 1, 1, 1, 58, 23, 1, 1, 56, 65, 16, 18, 11, 46, 12, 8, 54, 6, 18, 1, 1, 1, 19, 90, 1, 25, 1, 1, 46, 87, 36, 50, 1, 38, 17, 1, 1, 1, 33, 1, 1, 52, 56, 68, 37, 31, 1, 24, 1, 1, 1, 39, 28, 55, 39, 1, 1, 16, 1, 1, 1, 8, 25, 1, 20, 80, 1, 79, 18, 1, 1, 48, 56, 37, 109, 1, 52, 44, 1, 1, 1, 1, 1, 42, 1, 19, 52, 1, 17, 102, 1, 1, 1, 1, 42, 18, 39, 31, 1, 1, 14, 46, 29, 1, 49, 1, 26, 1, 33, 1, 1, 1, 55, 17, 1, 1, 22, 20, 41, 5, 46, 1, 29, 1, 48, 52, 1, 1, 21, 1, 1, 15, 44, 1, 17, 51, 34, 32, 1, 1, 1, 30, 1, 45, 3, 1, 1, 111, 21, 1, 5, 1, 1, 48, 1, 30, 26, 12, 14, 1, 18, 1, 44, 35, 1, 38, 48, 13, 22, 1, 67, 1, 40, 1, 15, 1, 58, 21, 53, 20, 1, 1, 64, 81, 4, 1, 40, 1, 50, 1, 10, 40, 1, 1, 45, 1, 54, 60, 47, 1, 1, 1, 29, 1, 44, 74, 47, 1, 1, 1, 17, 1, 40, 1, 62, 49, 34, 1, 1, 1, 62, 34, 29, 21, 1, 6, 1, 1, 1, 58, 1, 48, 17, 1, 2, 1, 79, 1, 1, 1, 11, 7, 1, 1, 1, 1, 24, 1, 1, 1, 57, 1, 1, 1, 27, 13, 1, 1, 1, 1, 2, 21, 1, 1, 53, 18, 4, 110, 1, 34, 38, 1, 49, 28, 70, 1, 20, 5, 1, 1, 2, 1, 1, 1, 4, 1, 1, 34, 1, 11, 14, 1, 26, 1, 1, 1, 1, 1, 1, 59, 1, 1, 22, 1, 10, 65, 38, 1, 29, 1, 21, 1, 1, 3, 21, 57, 1, 1, 14, 30, 1, 13, 3, 35, 23, 21, 38, 9, 1, 30, 19, 42, 1, 3, 31, 1, 1, 2, 1, 1, 1, 1, 1, 1, 1, 1, 6, 1, 14, 19, 2, 1, 1, 1, 63, 1, 41, 22, 1, 48, 22, 42, 1, 37, 49, 1, 19, 1, 1, 4, 1, 20, 1, 6, 3, 59, 28, 13, 1, 1, 1, 31, 1, 1, 1, 4, 42, 23, 1, 33, 1, 5, 1, 1, 7, 1, 1, 31, 31, 5, 1, 45, 1, 2, 10, 75, 1, 42, 1, 21, 1, 1, 1, 1, 5, 1, 1, 1, 2, 1, 107, 1, 1, 1, 1, 1, 5, 1, 2, 14, 59, 1, 2, 10, 12, 1, 44, 1, 2, 4, 2, 1, 1, 1, 2, 2, 1, 1, 2, 4, 1, 4, 1, 1, 2, ] # of comm: 958
Cora full(All nodes): FL_ng_prop + Cust2
   Max NMI = [0.536,0.554] res:= 30
   Partition sizes: [263, 2, 39, 260, 1, 120, 169, 34, 86, 92, 51, 1, 2, 86, 138, 135, 2, 1, 1, 1, 96, 54, 1, 1, 100, 13, 205, 1, 445, 41, 35, 3, 1, 1, 1, 143, 1, 109, 1, 2, 84, 1, 145, 2, 36, 121, 1, 1, 1, 1, 40, 91, 31, 71, 48, 144, 4, 2, 40, 2, 1, 96, 26, 1, 1, 188, 105, 1, 88, 1, 1, 20, 52, 142, 75, 1, 1, 91, 1, 101, 1, 119, 1, 1, 82, 1, 1, 1, 43, 1, 14, 219, 76, 1, 3, 164, 75, 13, 1, 76, 21, 1, 1, 1, 113, 1, 162, 290, 1, 1, 1, 177, 1, 1, 1, 2, 52, 1, 108, 1, 98, 32, 1, 1, 92, 74, 227, 1, 47, 1, 2, 38, 1, 1, 1, 1, 78, 1, 1, 40, 35, 1, 13, 1, 81, 104, 1, 10, 32, 35, 174, 1, 1, 8, 1, 1, 124, 46, 1, 39, 8, 1, 1, 1, 36, 161, 68, 80, 1, 1, 1, 49, 51, 1, 107, 101, 1, 1, 30, 1, 1, 1, 1, 127, 70, 2, 62, 1, 21, 1, 16, 1, 1, 1, 1, 1, 1, 41, 1, 1, 36, 1, 84, 24, 58, 54, 92, 32, 89, 1, 25, 1, 1, 1, 1, 23, 28, 2, 1, 17, 185, 70, 8, 1, 1, 1, 1, 31, 47, 68, 29, 1, 69, 100, 1, 36, 34, 1, 1, 21, 83, 89, 108, 105, 1, 35, 60, 18, 380, 1, 119, 1, 70, 101, 85, 79, 1, 1, 1, 1, 1, 139, 42, 1, 1, 1, 1, 1, 1, 48, 1, 1, 1, 1, 2, 62, 51, 11, 131, 1, 1, 1, 1, 1, 1, 113, 121, 1, 41, 1, 99, 1, 1, 26, 1, 1, 29, 105, 1, 1, 70, 145, 1, 1, 139, 2, 59, 1, 1, 40, 37, 1, 1, 8, 1, 71, 128, 75, 60, 1, 1, 37, 35, 58, 1, 1, 1, 1, 2, 3, 73, 1, 1, 55, 3, 78, 49, 1, 1, 1, 1, 1, 357, 3, 95, 38, 190, 143, 1, 6, 1, 1, 80, 1, 1, 101, 1, 9, 1, 1, 1, 27, 57, 46, 1, 30, 1, 1, 1, 1, 101, 46, 66, 23, 51, 1, 1, 20, 1, 89, 142, 125, 63, 1, 31, 1, 1, 1, 23, 56, 1, 42, 69, 1, 213, 1, 3, 1, 1, 2, 34, 1, 1, 1, 56, 47, 70, 245, 2, 35, 24, 77, 43, 36, 63, 1, 303, 1, 1, 1, 1, 1, 1, 61, 1, 68, 89, 138, 66, 46, 87, 116, 1, 1, 1, 8, 38, 402, 3, 1, 1, 2, 88, 8, 1, 1, 1, 1, 1, 1, 45, 35, 1, 1, 1, 1, 1, 1, 108, 5, 1, 201, 1, 74, 1, 10, 1, 67, 5, 1, 1, 139, 1, 1, 1, 54, 1, 13, 1, 24, 2, 1, 1, 1, 51, 1, 1, 1, 1, 1, 1, 1, 1, 1, 1, 1, 10, 74, 1, 1, 35, 1, 18, 57, 116, 1, 58, 1, 1, 1, 1, 1, 1, 35, 5, 1, 1, 3, 10, 1, 1, 1, 1, 6, 1, 8, 76, 11, 18, 73, 64, 22, 1, 1, 1, 1, 36, 3, 1, 1, 1, 53, 1, 1, 1, 1, 67, 12, 16, 1, 16, 1, 25, 1, 35, 1, 1, 2, 1, 37, 1, 34, 1, 1, 4, 1, 30, 1, 1, 10, 1, 1, 96, 1, 2, 1, 124, 1, 1, 1, 22, 51, 3, 1, 1, 1, 86, 34, 1, 1, 4, 66, 1, 1, 1, 39, 13, 1, 66, 61, 1, 1, 1, 1, 59, 1, 2, 34, 1, 52, 1, 10, 1, 1, 6, 1, 76, 1, 1, 1, 1, 1, 1, 1, 1, 1, 1, 1, 1, 3, 1, 2, 2, 36, 1, 1, 1, 4, 1, 1, 19, 6, 1, 5, 9, 1, 1, 2, 1, 50, 1, 1, 1, 1, 1, 1, 1, 1, 67, 1, 1, 1, 1, 1, 1, 1, 2, 1, 3, 1, 1, 1, 3, 1, 1, 3, 1, 3, 39, 23, 46, 1, 1, 3, 1, 1, 2, 1, 1, 1, 1, 1, 1, 1, 270, 1, 60, 1, 7, 2, 3, 2, 10, 1, 1, 1, 1, 23, 9, 1, 47, 2, 63, 1, 37, 1, 1, 22, 1, 33, 4, 1, 21, 1, 6, 71, 24, 3, 115, 1, 1, 1, 1, 1, 1, 4, 14, 40, 1, 1, 5, 1, 2, 1, 7, 1, 1, 5, 1, 1, 2, 10, 97, 1, 1, 3, 1, 30, 1, 1, 1, 4, 1, 5, 1, 1, 2, 1, 1, 1, 1, 1, 1, 5, 1, 2, 1, 2, 2, 1, 1, 2, 2, 1, 1, 1, 91, 114, 2, 2, 2, 1, 1, 2, 2, 2, 2, 4, 1, 13, 1, 1, 2, 2, 2, 2, 2, ] # of comm: 807
   Max Purity = [0.536,0.554] res:= 30
   Partition sizes: [263, 2, 39, 260, 1, 120, 169, 34, 86, 92, 51, 1, 2, 86, 138, 135, 2, 1, 1, 1, 96, 54, 1, 1, 100, 13, 205, 1, 445, 41, 35, 3, 1, 1, 1, 143, 1, 109, 1, 2, 84, 1, 145, 2, 36, 121, 1, 1, 1, 1, 40, 91, 31, 71, 48, 144, 4, 2, 40, 2, 1, 96, 26, 1, 1, 188, 105, 1, 88, 1, 1, 20, 52, 142, 75, 1, 1, 91, 1, 101, 1, 119, 1, 1, 82, 1, 1, 1, 43, 1, 14, 219, 76, 1, 3, 164, 75, 13, 1, 76, 21, 1, 1, 1, 113, 1, 162, 290, 1, 1, 1, 177, 1, 1, 1, 2, 52, 1, 108, 1, 98, 32, 1, 1, 92, 74, 227, 1, 47, 1, 2, 38, 1, 1, 1, 1, 78, 1, 1, 40, 35, 1, 13, 1, 81, 104, 1, 10, 32, 35, 174, 1, 1, 8, 1, 1, 124, 46, 1, 39, 8, 1, 1, 1, 36, 161, 68, 80, 1, 1, 1, 49, 51, 1, 107, 101, 1, 1, 30, 1, 1, 1, 1, 127, 70, 2, 62, 1, 21, 1, 16, 1, 1, 1, 1, 1, 1, 41, 1, 1, 36, 1, 84, 24, 58, 54, 92, 32, 89, 1, 25, 1, 1, 1, 1, 23, 28, 2, 1, 17, 185, 70, 8, 1, 1, 1, 1, 31, 47, 68, 29, 1, 69, 100, 1, 36, 34, 1, 1, 21, 83, 89, 108, 105, 1, 35, 60, 18, 380, 1, 119, 1, 70, 101, 85, 79, 1, 1, 1, 1, 1, 139, 42, 1, 1, 1, 1, 1, 1, 48, 1, 1, 1, 1, 2, 62, 51, 11, 131, 1, 1, 1, 1, 1, 1, 113, 121, 1, 41, 1, 99, 1, 1, 26, 1, 1, 29, 105, 1, 1, 70, 145, 1, 1, 139, 2, 59, 1, 1, 40, 37, 1, 1, 8, 1, 71, 128, 75, 60, 1, 1, 37, 35, 58, 1, 1, 1, 1, 2, 3, 73, 1, 1, 55, 3, 78, 49, 1, 1, 1, 1, 1, 357, 3, 95, 38, 190, 143, 1, 6, 1, 1, 80, 1, 1, 101, 1, 9, 1, 1, 1, 27, 57, 46, 1, 30, 1, 1, 1, 1, 101, 46, 66, 23, 51, 1, 1, 20, 1, 89, 142, 125, 63, 1, 31, 1, 1, 1, 23, 56, 1, 42, 69, 1, 213, 1, 3, 1, 1, 2, 34, 1, 1, 1, 56, 47, 70, 245, 2, 35, 24, 77, 43, 36, 63, 1, 303, 1, 1, 1, 1, 1, 1, 61, 1, 68, 89, 138, 66, 46, 87, 116, 1, 1, 1, 8, 38, 402, 3, 1, 1, 2, 88, 8, 1, 1, 1, 1, 1, 1, 45, 35, 1, 1, 1, 1, 1, 1, 108, 5, 1, 201, 1, 74, 1, 10, 1, 67, 5, 1, 1, 139, 1, 1, 1, 54, 1, 13, 1, 24, 2, 1, 1, 1, 51, 1, 1, 1, 1, 1, 1, 1, 1, 1, 1, 1, 10, 74, 1, 1, 35, 1, 18, 57, 116, 1, 58, 1, 1, 1, 1, 1, 1, 35, 5, 1, 1, 3, 10, 1, 1, 1, 1, 6, 1, 8, 76, 11, 18, 73, 64, 22, 1, 1, 1, 1, 36, 3, 1, 1, 1, 53, 1, 1, 1, 1, 67, 12, 16, 1, 16, 1, 25, 1, 35, 1, 1, 2, 1, 37, 1, 34, 1, 1, 4, 1, 30, 1, 1, 10, 1, 1, 96, 1, 2, 1, 124, 1, 1, 1, 22, 51, 3, 1, 1, 1, 86, 34, 1, 1, 4, 66, 1, 1, 1, 39, 13, 1, 66, 61, 1, 1, 1, 1, 59, 1, 2, 34, 1, 52, 1, 10, 1, 1, 6, 1, 76, 1, 1, 1, 1, 1, 1, 1, 1, 1, 1, 1, 1, 3, 1, 2, 2, 36, 1, 1, 1, 4, 1, 1, 19, 6, 1, 5, 9, 1, 1, 2, 1, 50, 1, 1, 1, 1, 1, 1, 1, 1, 67, 1, 1, 1, 1, 1, 1, 1, 2, 1, 3, 1, 1, 1, 3, 1, 1, 3, 1, 3, 39, 23, 46, 1, 1, 3, 1, 1, 2, 1, 1, 1, 1, 1, 1, 1, 270, 1, 60, 1, 7, 2, 3, 2, 10, 1, 1, 1, 1, 23, 9, 1, 47, 2, 63, 1, 37, 1, 1, 22, 1, 33, 4, 1, 21, 1, 6, 71, 24, 3, 115, 1, 1, 1, 1, 1, 1, 4, 14, 40, 1, 1, 5, 1, 2, 1, 7, 1, 1, 5, 1, 1, 2, 10, 97, 1, 1, 3, 1, 30, 1, 1, 1, 4, 1, 5, 1, 1, 2, 1, 1, 1, 1, 1, 1, 5, 1, 2, 1, 2, 2, 1, 1, 2, 2, 1, 1, 1, 91, 114, 2, 2, 2, 1, 1, 2, 2, 2, 2, 4, 1, 13, 1, 1, 2, 2, 2, 2, 2, ] # of comm: 807
Cora full(All nodes): FL_ng_prop + Cust6
   Max NMI = [0.536,0.559] res:= 30
   Partition sizes: [273, 2, 1, 242, 1, 143, 34, 75, 83, 62, 297, 9, 1, 2, 132, 2, 1, 93, 48, 71, 1, 1, 68, 1, 46, 1, 198, 1, 22, 424, 56, 111, 68, 139, 36, 3, 66, 1, 82, 1, 360, 94, 127, 1, 1, 8, 1, 2, 57, 69, 78, 1, 2, 37, 133, 1, 1, 1, 1, 67, 4, 35, 2, 6, 2, 52, 12, 66, 1, 1, 15, 105, 1, 1, 1, 20, 62, 75, 1, 39, 128, 272, 56, 1, 1, 1, 171, 48, 1, 1, 51, 1, 56, 1, 1, 1, 1, 92, 14, 1, 42, 3, 165, 51, 5, 30, 13, 52, 1, 76, 1, 1, 1, 109, 7, 1, 33, 1, 1, 1, 115, 164, 213, 1, 1, 1, 2, 1, 1, 98, 92, 1, 17, 1, 39, 92, 58, 138, 1, 44, 48, 1, 2, 178, 1, 38, 1, 1, 1, 50, 70, 1, 115, 1, 169, 1, 17, 64, 2, 1, 30, 45, 1, 113, 13, 24, 110, 1, 1, 67, 85, 63, 1, 33, 38, 1, 116, 32, 80, 1, 110, 1, 1, 1, 78, 156, 79, 49, 78, 1, 1, 1, 1, 107, 96, 1, 1, 1, 1, 1, 1, 37, 127, 2, 92, 96, 1, 21, 1, 65, 41, 1, 1, 127, 1, 1, 1, 1, 73, 37, 1, 93, 16, 66, 1, 31, 1, 25, 92, 37, 30, 1, 41, 1, 43, 1, 398, 1, 1, 54, 2, 25, 2, 1, 23, 17, 1, 1, 1, 62, 37, 1, 31, 19, 54, 13, 1, 97, 48, 1, 36, 1, 1, 51, 103, 178, 302, 57, 1, 152, 52, 47, 352, 1, 125, 149, 1, 35, 61, 92, 1, 1, 1, 1, 1, 44, 63, 1, 1, 1, 44, 1, 1, 1, 72, 1, 1, 27, 1, 1, 2, 67, 44, 119, 11, 1, 1, 1, 42, 1, 1, 1, 93, 1, 1, 96, 1, 63, 1, 1, 1, 98, 72, 10, 2, 94, 1, 1, 105, 100, 1, 1, 90, 2, 86, 1, 36, 1, 67, 37, 1, 1, 82, 1, 135, 43, 108, 41, 74, 57, 1, 1, 1, 1, 1, 110, 1, 2, 1, 1, 21, 5, 3, 76, 2, 1, 1, 1, 1, 1, 13, 3, 2, 49, 51, 1, 40, 6, 1, 1, 1, 1, 102, 1, 9, 1, 8, 1, 1, 60, 18, 1, 34, 110, 1, 1, 91, 1, 1, 90, 1, 1, 22, 1, 7, 62, 127, 103, 1, 31, 31, 38, 1, 1, 1, 124, 1, 1, 1, 3, 1, 1, 2, 1, 1, 1, 47, 126, 51, 2, 66, 37, 36, 41, 9, 1, 48, 1, 1, 1, 80, 1, 73, 23, 1, 1, 1, 58, 5, 61, 4, 1, 1, 1, 75, 3, 1, 1, 80, 13, 8, 6, 1, 1, 1, 22, 1, 1, 37, 1, 43, 35, 1, 1, 1, 1, 1, 1, 5, 1, 1, 65, 1, 10, 1, 11, 127, 26, 32, 5, 36, 1, 30, 1, 1, 1, 1, 108, 1, 111, 18, 1, 2, 1, 1, 197, 1, 1, 1, 1, 28, 1, 1, 1, 37, 1, 1, 1, 1, 1, 32, 1, 1, 35, 1, 18, 55, 142, 34, 1, 1, 1, 1, 1, 1, 125, 1, 35, 41, 1, 42, 7, 61, 1, 3, 1, 1, 1, 1, 67, 1, 8, 72, 66, 6, 1, 1, 1, 1, 89, 42, 3, 33, 23, 1, 1, 1, 1, 1, 1, 1, 18, 12, 1, 16, 1, 108, 1, 62, 4, 1, 8, 1, 37, 2, 1, 42, 48, 1, 1, 1, 4, 1, 26, 1, 1, 10, 1, 1, 39, 109, 1, 46, 41, 2, 1, 1, 1, 1, 16, 22, 3, 1, 1, 1, 80, 1, 3, 1, 4, 80, 19, 4, 1, 1, 23, 1, 80, 45, 9, 1, 1, 1, 1, 1, 84, 1, 2, 34, 1, 3, 1, 1, 1, 6, 62, 1, 1, 1, 1, 1, 1, 1, 1, 1, 1, 1, 1, 1, 3, 1, 2, 2, 1, 1, 1, 4, 41, 1, 1, 6, 1, 9, 1, 7, 1, 2, 1, 1, 1, 1, 1, 1, 41, 1, 44, 1, 1, 1, 1, 1, 1, 1, 1, 1, 2, 1, 3, 186, 60, 1, 11, 1, 1, 3, 46, 1, 1, 3, 1, 89, 3, 40, 83, 32, 33, 1, 31, 1, 3, 1, 1, 2, 1, 1, 1, 1, 89, 1, 1, 1, 52, 30, 1, 62, 6, 79, 1, 7, 2, 3, 2, 1, 1, 1, 1, 25, 1, 2, 18, 1, 1, 1, 1, 4, 1, 21, 1, 10, 45, 3, 1, 1, 1, 1, 1, 1, 4, 14, 1, 10, 1, 5, 1, 2, 1, 7, 8, 1, 1, 38, 5, 1, 33, 118, 1, 2, 56, 22, 82, 1, 4, 1, 3, 1, 1, 1, 1, 4, 1, 1, 1, 2, 1, 1, 1, 1, 1, 1, 5, 1, 2, 6, 1, 2, 2, 1, 1, 2, 4, 2, 1, 1, 1, 81, 2, 2, 2, 1, 1, 2, 2, 2, 2, 4, 1, 1, 1, 2, 2, 2, 2, ] # of comm: 842
   Max Purity = [0.536,0.559] res:= 30
   Partition sizes: [273, 2, 1, 242, 1, 143, 34, 75, 83, 62, 297, 9, 1, 2, 132, 2, 1, 93, 48, 71, 1, 1, 68, 1, 46, 1, 198, 1, 22, 424, 56, 111, 68, 139, 36, 3, 66, 1, 82, 1, 360, 94, 127, 1, 1, 8, 1, 2, 57, 69, 78, 1, 2, 37, 133, 1, 1, 1, 1, 67, 4, 35, 2, 6, 2, 52, 12, 66, 1, 1, 15, 105, 1, 1, 1, 20, 62, 75, 1, 39, 128, 272, 56, 1, 1, 1, 171, 48, 1, 1, 51, 1, 56, 1, 1, 1, 1, 92, 14, 1, 42, 3, 165, 51, 5, 30, 13, 52, 1, 76, 1, 1, 1, 109, 7, 1, 33, 1, 1, 1, 115, 164, 213, 1, 1, 1, 2, 1, 1, 98, 92, 1, 17, 1, 39, 92, 58, 138, 1, 44, 48, 1, 2, 178, 1, 38, 1, 1, 1, 50, 70, 1, 115, 1, 169, 1, 17, 64, 2, 1, 30, 45, 1, 113, 13, 24, 110, 1, 1, 67, 85, 63, 1, 33, 38, 1, 116, 32, 80, 1, 110, 1, 1, 1, 78, 156, 79, 49, 78, 1, 1, 1, 1, 107, 96, 1, 1, 1, 1, 1, 1, 37, 127, 2, 92, 96, 1, 21, 1, 65, 41, 1, 1, 127, 1, 1, 1, 1, 73, 37, 1, 93, 16, 66, 1, 31, 1, 25, 92, 37, 30, 1, 41, 1, 43, 1, 398, 1, 1, 54, 2, 25, 2, 1, 23, 17, 1, 1, 1, 62, 37, 1, 31, 19, 54, 13, 1, 97, 48, 1, 36, 1, 1, 51, 103, 178, 302, 57, 1, 152, 52, 47, 352, 1, 125, 149, 1, 35, 61, 92, 1, 1, 1, 1, 1, 44, 63, 1, 1, 1, 44, 1, 1, 1, 72, 1, 1, 27, 1, 1, 2, 67, 44, 119, 11, 1, 1, 1, 42, 1, 1, 1, 93, 1, 1, 96, 1, 63, 1, 1, 1, 98, 72, 10, 2, 94, 1, 1, 105, 100, 1, 1, 90, 2, 86, 1, 36, 1, 67, 37, 1, 1, 82, 1, 135, 43, 108, 41, 74, 57, 1, 1, 1, 1, 1, 110, 1, 2, 1, 1, 21, 5, 3, 76, 2, 1, 1, 1, 1, 1, 13, 3, 2, 49, 51, 1, 40, 6, 1, 1, 1, 1, 102, 1, 9, 1, 8, 1, 1, 60, 18, 1, 34, 110, 1, 1, 91, 1, 1, 90, 1, 1, 22, 1, 7, 62, 127, 103, 1, 31, 31, 38, 1, 1, 1, 124, 1, 1, 1, 3, 1, 1, 2, 1, 1, 1, 47, 126, 51, 2, 66, 37, 36, 41, 9, 1, 48, 1, 1, 1, 80, 1, 73, 23, 1, 1, 1, 58, 5, 61, 4, 1, 1, 1, 75, 3, 1, 1, 80, 13, 8, 6, 1, 1, 1, 22, 1, 1, 37, 1, 43, 35, 1, 1, 1, 1, 1, 1, 5, 1, 1, 65, 1, 10, 1, 11, 127, 26, 32, 5, 36, 1, 30, 1, 1, 1, 1, 108, 1, 111, 18, 1, 2, 1, 1, 197, 1, 1, 1, 1, 28, 1, 1, 1, 37, 1, 1, 1, 1, 1, 32, 1, 1, 35, 1, 18, 55, 142, 34, 1, 1, 1, 1, 1, 1, 125, 1, 35, 41, 1, 42, 7, 61, 1, 3, 1, 1, 1, 1, 67, 1, 8, 72, 66, 6, 1, 1, 1, 1, 89, 42, 3, 33, 23, 1, 1, 1, 1, 1, 1, 1, 18, 12, 1, 16, 1, 108, 1, 62, 4, 1, 8, 1, 37, 2, 1, 42, 48, 1, 1, 1, 4, 1, 26, 1, 1, 10, 1, 1, 39, 109, 1, 46, 41, 2, 1, 1, 1, 1, 16, 22, 3, 1, 1, 1, 80, 1, 3, 1, 4, 80, 19, 4, 1, 1, 23, 1, 80, 45, 9, 1, 1, 1, 1, 1, 84, 1, 2, 34, 1, 3, 1, 1, 1, 6, 62, 1, 1, 1, 1, 1, 1, 1, 1, 1, 1, 1, 1, 1, 3, 1, 2, 2, 1, 1, 1, 4, 41, 1, 1, 6, 1, 9, 1, 7, 1, 2, 1, 1, 1, 1, 1, 1, 41, 1, 44, 1, 1, 1, 1, 1, 1, 1, 1, 1, 2, 1, 3, 186, 60, 1, 11, 1, 1, 3, 46, 1, 1, 3, 1, 89, 3, 40, 83, 32, 33, 1, 31, 1, 3, 1, 1, 2, 1, 1, 1, 1, 89, 1, 1, 1, 52, 30, 1, 62, 6, 79, 1, 7, 2, 3, 2, 1, 1, 1, 1, 25, 1, 2, 18, 1, 1, 1, 1, 4, 1, 21, 1, 10, 45, 3, 1, 1, 1, 1, 1, 1, 4, 14, 1, 10, 1, 5, 1, 2, 1, 7, 8, 1, 1, 38, 5, 1, 33, 118, 1, 2, 56, 22, 82, 1, 4, 1, 3, 1, 1, 1, 1, 4, 1, 1, 1, 2, 1, 1, 1, 1, 1, 1, 5, 1, 2, 6, 1, 2, 2, 1, 1, 2, 4, 2, 1, 1, 1, 81, 2, 2, 2, 1, 1, 2, 2, 2, 2, 4, 1, 1, 1, 2, 2, 2, 2, ] # of comm: 842
Cora full(All nodes): FL_ng_prop + Cust11
   Max NMI = [0.537,0.588] res:= 30
   Partition sizes: [1, 47, 72, 40, 131, 48, 48, 1, 63, 2, 1, 19, 68, 73, 1, 1, 38, 63, 75, 1, 1, 1, 10, 32, 14, 21, 28, 67, 1, 130, 27, 1, 8, 52, 21, 1, 129, 135, 64, 75, 1, 95, 56, 1, 109, 1, 91, 1, 1, 1, 22, 57, 38, 42, 4, 108, 82, 98, 69, 41, 1, 1, 33, 16, 92, 5, 1, 52, 21, 27, 58, 41, 80, 90, 53, 1, 1, 1, 61, 44, 1, 1, 1, 47, 36, 1, 1, 1, 47, 31, 26, 1, 5, 107, 29, 1, 38, 1, 60, 26, 36, 1, 1, 1, 40, 48, 22, 85, 1, 1, 1, 18, 89, 16, 22, 1, 33, 1, 1, 1, 1, 1, 1, 45, 53, 33, 1, 34, 5, 25, 1, 1, 1, 1, 75, 89, 1, 45, 1, 85, 1, 57, 1, 75, 1, 28, 33, 106, 16, 25, 59, 1, 1, 28, 15, 72, 103, 89, 1, 1, 22, 39, 75, 50, 39, 1, 39, 29, 1, 29, 1, 1, 39, 96, 92, 7, 6, 105, 58, 22, 1, 1, 1, 1, 14, 82, 57, 1, 24, 1, 30, 1, 1, 1, 31, 1, 26, 21, 31, 12, 71, 20, 1, 1, 75, 59, 40, 58, 44, 1, 1, 1, 1, 1, 1, 1, 1, 16, 25, 31, 95, 1, 44, 42, 25, 63, 1, 20, 13, 40, 57, 1, 28, 1, 1, 39, 1, 13, 1, 43, 1, 63, 1, 30, 11, 1, 1, 15, 51, 19, 45, 14, 1, 121, 52, 38, 39, 10, 51, 60, 36, 67, 1, 17, 80, 49, 34, 1, 1, 81, 47, 23, 92, 56, 56, 55, 29, 1, 41, 1, 96, 13, 1, 33, 93, 1, 1, 1, 1, 1, 84, 60, 56, 42, 1, 1, 1, 1, 1, 1, 34, 101, 1, 61, 1, 1, 1, 80, 47, 29, 26, 27, 70, 21, 25, 1, 75, 13, 1, 1, 42, 62, 1, 20, 1, 106, 1, 1, 83, 100, 1, 34, 1, 45, 13, 52, 93, 1, 1, 39, 66, 38, 47, 55, 1, 1, 14, 6, 60, 1, 1, 81, 1, 62, 1, 31, 45, 36, 19, 1, 1, 60, 19, 70, 43, 1, 7, 93, 47, 26, 99, 59, 54, 110, 21, 26, 15, 37, 22, 1, 1, 37, 37, 41, 1, 1, 1, 1, 2, 1, 1, 46, 5, 77, 47, 1, 1, 1, 1, 1, 25, 49, 14, 1, 41, 64, 28, 19, 1, 1, 1, 1, 19, 42, 46, 60, 1, 81, 13, 47, 57, 1, 15, 1, 48, 1, 39, 28, 83, 49, 20, 38, 18, 1, 1, 1, 1, 42, 26, 1, 24, 11, 76, 23, 68, 1, 1, 41, 1, 10, 27, 15, 43, 1, 16, 35, 1, 1, 1, 1, 36, 1, 49, 1, 3, 1, 1, 2, 81, 34, 1, 1, 1, 49, 64, 77, 25, 35, 39, 20, 111, 13, 20, 55, 24, 28, 26, 1, 36, 40, 1, 1, 1, 1, 23, 1, 1, 95, 1, 53, 94, 84, 33, 55, 70, 52, 1, 1, 1, 72, 26, 1, 1, 31, 83, 79, 6, 1, 1, 1, 1, 74, 1, 78, 104, 1, 46, 75, 34, 1, 26, 18, 1, 1, 1, 68, 1, 1, 1, 1, 16, 1, 1, 49, 26, 17, 16, 24, 4, 23, 81, 12, 1, 46, 1, 16, 1, 1, 1, 28, 28, 84, 15, 18, 1, 13, 50, 1, 45, 1, 1, 46, 5, 69, 1, 65, 11, 35, 62, 1, 1, 54, 1, 1, 1, 48, 1, 35, 1, 17, 51, 1, 1, 1, 1, 40, 18, 43, 1, 1, 40, 95, 47, 1, 45, 43, 1, 1, 33, 1, 1, 1, 17, 1, 1, 93, 13, 26, 22, 22, 33, 8, 39, 28, 38, 1, 100, 1, 62, 62, 51, 83, 70, 1, 1, 1, 35, 1, 20, 1, 70, 71, 26, 49, 28, 30, 59, 1, 1, 1, 1, 28, 3, 11, 7, 1, 1, 63, 105, 19, 20, 1, 35, 1, 18, 1, 1, 31, 13, 1, 57, 1, 28, 9, 1, 38, 35, 13, 22, 1, 91, 1, 16, 43, 1, 1, 44, 101, 40, 1, 30, 1, 4, 1, 57, 1, 1, 10, 1, 1, 24, 1, 37, 46, 1, 1, 34, 1, 1, 68, 29, 1, 1, 1, 45, 17, 38, 1, 14, 14, 1, 20, 34, 10, 35, 1, 1, 57, 36, 12, 1, 69, 13, 1, 68, 1, 1, 28, 1, 1, 46, 1, 2, 1, 44, 30, 43, 60, 1, 1, 1, 42, 1, 1, 1, 1, 24, 1, 1, 1, 56, 1, 18, 12, 1, 56, 1, 22, 1, 1, 3, 1, 1, 2, 58, 1, 21, 1, 42, 4, 57, 25, 1, 33, 21, 49, 71, 1, 32, 28, 7, 70, 1, 9, 1, 18, 1, 2, 1, 1, 18, 1, 4, 1, 1, 34, 25, 1, 11, 1, 1, 1, 1, 1, 65, 1, 1, 77, 74, 1, 1, 1, 13, 1, 79, 29, 1, 1, 1, 3, 21, 1, 1, 1, 3, 18, 73, 21, 1, 29, 33, 35, 57, 29, 1, 3, 50, 1, 1, 10, 2, 1, 1, 1, 1, 1, 1, 1, 1, 6, 1, 2, 1, 1, 1, 1, 33, 53, 1, 50, 2, 25, 42, 60, 1, 55, 1, 1, 1, 16, 4, 17, 1, 20, 1, 3, 24, 1, 1, 1, 1, 1, 1, 1, 34, 1, 5, 68, 1, 31, 1, 7, 8, 1, 1, 31, 5, 1, 1, 2, 1, 1, 1, 1, 1, 1, 4, 1, 5, 1, 1, 2, 1, 1, 1, 1, 1, 1, 5, 20, 1, 2, 28, 6, 1, 2, 1, 1, 2, 4, 2, 2, 1, 1, 1, 2, 32, 2, 1, 1, 48, 2, 5, 4, 1, 4, 1, 1, 7, 2, ] # of comm: 960
   Max Purity = [0.537,0.588] res:= 30
   Partition sizes: [1, 47, 72, 40, 131, 48, 48, 1, 63, 2, 1, 19, 68, 73, 1, 1, 38, 63, 75, 1, 1, 1, 10, 32, 14, 21, 28, 67, 1, 130, 27, 1, 8, 52, 21, 1, 129, 135, 64, 75, 1, 95, 56, 1, 109, 1, 91, 1, 1, 1, 22, 57, 38, 42, 4, 108, 82, 98, 69, 41, 1, 1, 33, 16, 92, 5, 1, 52, 21, 27, 58, 41, 80, 90, 53, 1, 1, 1, 61, 44, 1, 1, 1, 47, 36, 1, 1, 1, 47, 31, 26, 1, 5, 107, 29, 1, 38, 1, 60, 26, 36, 1, 1, 1, 40, 48, 22, 85, 1, 1, 1, 18, 89, 16, 22, 1, 33, 1, 1, 1, 1, 1, 1, 45, 53, 33, 1, 34, 5, 25, 1, 1, 1, 1, 75, 89, 1, 45, 1, 85, 1, 57, 1, 75, 1, 28, 33, 106, 16, 25, 59, 1, 1, 28, 15, 72, 103, 89, 1, 1, 22, 39, 75, 50, 39, 1, 39, 29, 1, 29, 1, 1, 39, 96, 92, 7, 6, 105, 58, 22, 1, 1, 1, 1, 14, 82, 57, 1, 24, 1, 30, 1, 1, 1, 31, 1, 26, 21, 31, 12, 71, 20, 1, 1, 75, 59, 40, 58, 44, 1, 1, 1, 1, 1, 1, 1, 1, 16, 25, 31, 95, 1, 44, 42, 25, 63, 1, 20, 13, 40, 57, 1, 28, 1, 1, 39, 1, 13, 1, 43, 1, 63, 1, 30, 11, 1, 1, 15, 51, 19, 45, 14, 1, 121, 52, 38, 39, 10, 51, 60, 36, 67, 1, 17, 80, 49, 34, 1, 1, 81, 47, 23, 92, 56, 56, 55, 29, 1, 41, 1, 96, 13, 1, 33, 93, 1, 1, 1, 1, 1, 84, 60, 56, 42, 1, 1, 1, 1, 1, 1, 34, 101, 1, 61, 1, 1, 1, 80, 47, 29, 26, 27, 70, 21, 25, 1, 75, 13, 1, 1, 42, 62, 1, 20, 1, 106, 1, 1, 83, 100, 1, 34, 1, 45, 13, 52, 93, 1, 1, 39, 66, 38, 47, 55, 1, 1, 14, 6, 60, 1, 1, 81, 1, 62, 1, 31, 45, 36, 19, 1, 1, 60, 19, 70, 43, 1, 7, 93, 47, 26, 99, 59, 54, 110, 21, 26, 15, 37, 22, 1, 1, 37, 37, 41, 1, 1, 1, 1, 2, 1, 1, 46, 5, 77, 47, 1, 1, 1, 1, 1, 25, 49, 14, 1, 41, 64, 28, 19, 1, 1, 1, 1, 19, 42, 46, 60, 1, 81, 13, 47, 57, 1, 15, 1, 48, 1, 39, 28, 83, 49, 20, 38, 18, 1, 1, 1, 1, 42, 26, 1, 24, 11, 76, 23, 68, 1, 1, 41, 1, 10, 27, 15, 43, 1, 16, 35, 1, 1, 1, 1, 36, 1, 49, 1, 3, 1, 1, 2, 81, 34, 1, 1, 1, 49, 64, 77, 25, 35, 39, 20, 111, 13, 20, 55, 24, 28, 26, 1, 36, 40, 1, 1, 1, 1, 23, 1, 1, 95, 1, 53, 94, 84, 33, 55, 70, 52, 1, 1, 1, 72, 26, 1, 1, 31, 83, 79, 6, 1, 1, 1, 1, 74, 1, 78, 104, 1, 46, 75, 34, 1, 26, 18, 1, 1, 1, 68, 1, 1, 1, 1, 16, 1, 1, 49, 26, 17, 16, 24, 4, 23, 81, 12, 1, 46, 1, 16, 1, 1, 1, 28, 28, 84, 15, 18, 1, 13, 50, 1, 45, 1, 1, 46, 5, 69, 1, 65, 11, 35, 62, 1, 1, 54, 1, 1, 1, 48, 1, 35, 1, 17, 51, 1, 1, 1, 1, 40, 18, 43, 1, 1, 40, 95, 47, 1, 45, 43, 1, 1, 33, 1, 1, 1, 17, 1, 1, 93, 13, 26, 22, 22, 33, 8, 39, 28, 38, 1, 100, 1, 62, 62, 51, 83, 70, 1, 1, 1, 35, 1, 20, 1, 70, 71, 26, 49, 28, 30, 59, 1, 1, 1, 1, 28, 3, 11, 7, 1, 1, 63, 105, 19, 20, 1, 35, 1, 18, 1, 1, 31, 13, 1, 57, 1, 28, 9, 1, 38, 35, 13, 22, 1, 91, 1, 16, 43, 1, 1, 44, 101, 40, 1, 30, 1, 4, 1, 57, 1, 1, 10, 1, 1, 24, 1, 37, 46, 1, 1, 34, 1, 1, 68, 29, 1, 1, 1, 45, 17, 38, 1, 14, 14, 1, 20, 34, 10, 35, 1, 1, 57, 36, 12, 1, 69, 13, 1, 68, 1, 1, 28, 1, 1, 46, 1, 2, 1, 44, 30, 43, 60, 1, 1, 1, 42, 1, 1, 1, 1, 24, 1, 1, 1, 56, 1, 18, 12, 1, 56, 1, 22, 1, 1, 3, 1, 1, 2, 58, 1, 21, 1, 42, 4, 57, 25, 1, 33, 21, 49, 71, 1, 32, 28, 7, 70, 1, 9, 1, 18, 1, 2, 1, 1, 18, 1, 4, 1, 1, 34, 25, 1, 11, 1, 1, 1, 1, 1, 65, 1, 1, 77, 74, 1, 1, 1, 13, 1, 79, 29, 1, 1, 1, 3, 21, 1, 1, 1, 3, 18, 73, 21, 1, 29, 33, 35, 57, 29, 1, 3, 50, 1, 1, 10, 2, 1, 1, 1, 1, 1, 1, 1, 1, 6, 1, 2, 1, 1, 1, 1, 33, 53, 1, 50, 2, 25, 42, 60, 1, 55, 1, 1, 1, 16, 4, 17, 1, 20, 1, 3, 24, 1, 1, 1, 1, 1, 1, 1, 34, 1, 5, 68, 1, 31, 1, 7, 8, 1, 1, 31, 5, 1, 1, 2, 1, 1, 1, 1, 1, 1, 4, 1, 5, 1, 1, 2, 1, 1, 1, 1, 1, 1, 5, 20, 1, 2, 28, 6, 1, 2, 1, 1, 2, 4, 2, 2, 1, 1, 1, 2, 32, 2, 1, 1, 48, 2, 5, 4, 1, 4, 1, 1, 7, 2, ] # of comm: 960
Cora full (All nodes): PageRank + Cust2
   Max NMI = [0.536,0.569] res:= 25
   Partition sizes: [97, 85, 167, 54, 50, 87, 106, 65, 31, 2, 109, 42, 37, 29, 113, 25, 18, 28, 70, 35, 41, 43, 11, 35, 60, 27, 85, 42, 112, 101, 114, 42, 90, 137, 169, 32, 35, 37, 52, 180, 55, 29, 4, 89, 70, 101, 25, 38, 36, 30, 54, 85, 87, 96, 72, 131, 52, 69, 71, 78, 41, 76, 21, 17, 23, 54, 36, 23, 18, 50, 55, 91, 21, 23, 36, 21, 12, 57, 91, 91, 13, 139, 29, 67, 16, 51, 109, 96, 65, 66, 16, 81, 104, 77, 89, 51, 56, 68, 80, 83, 78, 60, 55, 35, 37, 46, 10, 6, 36, 103, 36, 51, 21, 12, 98, 34, 63, 21, 83, 35, 67, 88, 22, 23, 31, 44, 22, 78, 42, 47, 73, 32, 67, 70, 28, 32, 62, 37, 68, 45, 53, 37, 59, 51, 17, 59, 79, 19, 56, 41, 17, 24, 24, 104, 47, 47, 32, 23, 89, 10, 53, 10, 70, 44, 24, 57, 117, 63, 60, 18, 91, 141, 40, 100, 104, 46, 68, 58, 114, 128, 19, 41, 99, 21, 46, 159, 159, 111, 84, 20, 22, 25, 51, 42, 57, 86, 73, 25, 93, 87, 74, 59, 42, 40, 40, 8, 60, 17, 119, 44, 50, 93, 38, 21, 60, 59, 17, 22, 19, 47, 55, 39, 22, 75, 119, 30, 53, 66, 21, 11, 48, 55, 43, 62, 67, 61, 25, 21, 66, 35, 40, 45, 31, 34, 11, 54, 46, 33, 42, 60, 21, 60, 57, 47, 4, 89, 98, 47, 77, 21, 29, 10, 163, 16, 5, 39, 2, 14, 21, 133, 17, 51, 22, 34, 38, 105, 54, 69, 47, 114, 26, 24, 32, 165, 43, 74, 45, 4, 40, 26, 73, 64, 53, 76, 18, 31, 68, 85, 7, 44, 72, 94, 47, 35, 51, 60, 64, 33, 65, 92, 32, 53, 17, 6, 102, 7, 97, 109, 78, 66, 37, 34, 23, 43, 50, 32, 109, 81, 31, 25, 77, 24, 7, 78, 46, 64, 24, 60, 67, 42, 24, 5, 41, 53, 14, 29, 36, 36, 106, 63, 97, 24, 54, 37, 25, 9, 3, 49, 25, 6, 14, 84, 18, 3, 12, 17, 72, 20, 33, 16, 18, 59, 16, 38, 43, 49, 44, 84, 26, 27, 96, 12, 6, 135, 22, 34, 33, 68, 36, 28, 58, 53, 46, 11, 49, 80, 46, 38, 25, 20, 69, 20, 20, 65, 23, 38, 39, 22, 6, 47, 27, 39, 13, 55, 17, 38, 5, 59, 44, 4, 24, 4, 22, 24, 28, 21, 53, 44, 4, 23, 65, 12, 65, 84, 40, 7, 3, 3, 18, 22, 8, 21, 3, 43, 58, 42, 40, 32, 4, 6, 7, 6, 29, 37, 27, 44, 38, 5, 27, 70, 4, 22, 6, 67, 3, 2, 46, 24, 6, 8, 16, 47, 4, 39, 5, 4, 36, 37, 5, 4, 2, 26, 6, 5, 7, 20, ] # of comm: 486
   Max Purity = [0.536,0.576] res:= 30
   Partition sizes: [50, 81, 128, 39, 53, 88, 19, 95, 24, 44, 31, 2, 48, 22, 110, 133, 21, 17, 28, 39, 27, 33, 60, 27, 24, 137, 36, 17, 30, 42, 13, 68, 42, 102, 61, 91, 148, 37, 37, 51, 48, 37, 76, 59, 4, 63, 25, 17, 73, 24, 33, 47, 86, 98, 58, 33, 33, 21, 29, 117, 59, 52, 38, 131, 13, 52, 24, 22, 20, 22, 5, 15, 48, 28, 105, 73, 54, 26, 25, 55, 16, 41, 53, 36, 96, 56, 105, 13, 12, 64, 14, 27, 65, 60, 15, 58, 72, 38, 36, 59, 87, 22, 47, 95, 70, 98, 22, 22, 40, 56, 67, 15, 79, 79, 99, 35, 54, 73, 46, 45, 62, 6, 73, 66, 33, 12, 97, 34, 45, 134, 33, 63, 84, 22, 28, 85, 41, 21, 20, 30, 17, 88, 26, 23, 71, 62, 90, 58, 67, 56, 96, 42, 53, 32, 26, 64, 45, 36, 65, 57, 11, 24, 41, 45, 4, 39, 35, 37, 59, 51, 25, 46, 54, 25, 31, 20, 99, 49, 104, 24, 18, 131, 47, 35, 21, 102, 73, 95, 64, 44, 13, 18, 15, 50, 92, 42, 84, 58, 25, 12, 71, 24, 100, 85, 26, 93, 41, 25, 68, 65, 37, 36, 14, 47, 41, 30, 30, 42, 44, 4, 144, 96, 51, 56, 40, 72, 32, 32, 67, 39, 29, 29, 116, 40, 38, 114, 34, 58, 59, 31, 26, 21, 50, 49, 43, 39, 47, 45, 17, 11, 14, 85, 18, 41, 23, 10, 41, 40, 44, 10, 20, 64, 25, 22, 76, 17, 21, 48, 51, 48, 56, 10, 34, 64, 9, 56, 25, 38, 67, 31, 29, 54, 2, 21, 10, 24, 34, 40, 42, 25, 55, 4, 68, 55, 78, 72, 39, 41, 50, 51, 93, 24, 122, 31, 58, 114, 27, 101, 53, 107, 34, 42, 26, 32, 31, 26, 30, 28, 7, 16, 74, 24, 4, 44, 68, 50, 30, 18, 6, 16, 29, 16, 69, 20, 67, 44, 69, 64, 37, 24, 52, 10, 46, 23, 16, 35, 33, 61, 53, 100, 29, 25, 19, 6, 32, 78, 7, 66, 13, 42, 75, 27, 67, 32, 43, 87, 89, 23, 99, 29, 54, 24, 49, 45, 45, 40, 13, 48, 40, 57, 67, 15, 47, 5, 32, 18, 18, 40, 34, 19, 13, 61, 29, 101, 45, 40, 28, 51, 15, 45, 27, 3, 49, 78, 62, 6, 62, 8, 3, 12, 26, 22, 13, 28, 96, 16, 30, 41, 27, 69, 67, 12, 24, 19, 57, 30, 23, 33, 28, 50, 72, 65, 47, 16, 20, 50, 27, 76, 25, 38, 64, 52, 22, 32, 25, 40, 111, 22, 18, 58, 6, 18, 81, 65, 40, 16, 40, 23, 15, 39, 16, 38, 59, 4, 53, 65, 20, 34, 27, 7, 35, 44, 91, 35, 46, 24, 45, 29, 75, 11, 24, 54, 70, 15, 3, 3, 44, 27, 37, 8, 43, 3, 44, 35, 33, 39, 4, 71, 66, 7, 21, 48, 27, 49, 21, 44, 55, 5, 41, 43, 9, 14, 4, 22, 32, 3, 19, 25, 2, 5, 39, 6, 8, 26, 7, 8, 48, 10, 7, 3, 50, 5, 6, 5, 3, 6, 4, 2, 29, 17, 5, 35, 39, 21, 61, ] # of comm: 545
Cora full (All nodes): PageRank + Cust6
   Max NMI = [0.536,0.577] res:= 30
   Partition sizes: [11, 40, 97, 104, 24, 39, 96, 22, 2, 31, 107, 48, 20, 67, 57, 11, 27, 38, 65, 63, 35, 19, 8, 125, 74, 50, 82, 58, 97, 62, 141, 76, 25, 61, 69, 32, 47, 5, 23, 4, 87, 35, 46, 57, 37, 49, 42, 33, 74, 90, 57, 51, 91, 46, 106, 42, 68, 119, 68, 15, 138, 69, 45, 15, 16, 46, 67, 22, 27, 34, 21, 42, 43, 71, 21, 51, 34, 8, 53, 51, 50, 59, 88, 93, 13, 135, 35, 63, 16, 23, 18, 16, 96, 81, 41, 71, 77, 61, 24, 36, 6, 90, 52, 28, 38, 47, 23, 49, 31, 29, 61, 4, 4, 46, 7, 65, 65, 90, 51, 37, 48, 85, 85, 64, 21, 58, 43, 55, 23, 59, 87, 47, 34, 55, 31, 44, 18, 91, 11, 25, 75, 41, 30, 64, 66, 70, 34, 36, 62, 113, 26, 36, 27, 45, 48, 38, 32, 54, 42, 65, 50, 44, 26, 25, 41, 30, 69, 103, 47, 32, 23, 73, 73, 72, 11, 47, 43, 30, 109, 16, 57, 71, 52, 44, 67, 18, 24, 37, 26, 30, 27, 41, 18, 48, 24, 43, 105, 50, 13, 19, 139, 40, 34, 78, 34, 30, 60, 21, 51, 60, 16, 84, 49, 19, 54, 37, 33, 76, 63, 95, 44, 25, 44, 97, 79, 53, 44, 35, 17, 10, 61, 28, 25, 12, 63, 32, 27, 31, 69, 29, 49, 47, 89, 28, 89, 76, 33, 21, 66, 71, 30, 84, 46, 42, 67, 21, 59, 63, 9, 50, 73, 38, 26, 20, 31, 85, 51, 100, 38, 41, 28, 58, 49, 61, 4, 9, 14, 41, 64, 70, 43, 101, 76, 83, 12, 5, 66, 122, 8, 115, 20, 19, 41, 65, 17, 29, 7, 27, 26, 26, 31, 62, 25, 15, 68, 37, 4, 35, 59, 55, 6, 81, 100, 66, 31, 14, 8, 37, 6, 169, 54, 52, 55, 84, 44, 42, 37, 58, 6, 60, 47, 37, 50, 25, 9, 58, 67, 33, 92, 55, 88, 17, 85, 37, 40, 42, 33, 26, 15, 14, 17, 45, 54, 35, 44, 22, 39, 35, 25, 49, 38, 28, 7, 40, 56, 37, 45, 15, 48, 30, 6, 70, 35, 52, 41, 28, 33, 5, 50, 29, 8, 93, 109, 55, 21, 72, 24, 73, 33, 96, 38, 24, 14, 49, 3, 49, 35, 14, 18, 26, 12, 23, 72, 20, 21, 23, 17, 65, 16, 25, 76, 24, 12, 58, 23, 56, 35, 17, 31, 28, 16, 48, 24, 11, 39, 14, 15, 24, 35, 35, 20, 15, 91, 42, 20, 84, 67, 30, 50, 40, 16, 32, 57, 7, 18, 24, 47, 15, 42, 3, 13, 38, 5, 34, 30, 40, 17, 27, 32, 4, 45, 34, 53, 29, 33, 7, 40, 8, 33, 36, 18, 20, 59, 7, 26, 57, 18, 17, 7, 55, 3, 32, 28, 8, 8, 43, 68, 76, 21, 3, 31, 32, 31, 5, 16, 37, 4, 6, 7, 16, 42, 48, 42, 54, 5, 40, 29, 20, 56, 4, 22, 6, 31, 3, 14, 40, 2, 5, 53, 6, 61, 18, 88, 8, 22, 17, 48, 94, 69, 27, 45, 10, 7, 4, 48, 4, 38, 37, 52, 55, 4, 33, 29, 17, 5, 42, 39, 7, ] # of comm: 548
   Max Purity = [0.536,0.577] res:= 30
   Partition sizes: [11, 40, 97, 104, 24, 39, 96, 22, 2, 31, 107, 48, 20, 67, 57, 11, 27, 38, 65, 63, 35, 19, 8, 125, 74, 50, 82, 58, 97, 62, 141, 76, 25, 61, 69, 32, 47, 5, 23, 4, 87, 35, 46, 57, 37, 49, 42, 33, 74, 90, 57, 51, 91, 46, 106, 42, 68, 119, 68, 15, 138, 69, 45, 15, 16, 46, 67, 22, 27, 34, 21, 42, 43, 71, 21, 51, 34, 8, 53, 51, 50, 59, 88, 93, 13, 135, 35, 63, 16, 23, 18, 16, 96, 81, 41, 71, 77, 61, 24, 36, 6, 90, 52, 28, 38, 47, 23, 49, 31, 29, 61, 4, 4, 46, 7, 65, 65, 90, 51, 37, 48, 85, 85, 64, 21, 58, 43, 55, 23, 59, 87, 47, 34, 55, 31, 44, 18, 91, 11, 25, 75, 41, 30, 64, 66, 70, 34, 36, 62, 113, 26, 36, 27, 45, 48, 38, 32, 54, 42, 65, 50, 44, 26, 25, 41, 30, 69, 103, 47, 32, 23, 73, 73, 72, 11, 47, 43, 30, 109, 16, 57, 71, 52, 44, 67, 18, 24, 37, 26, 30, 27, 41, 18, 48, 24, 43, 105, 50, 13, 19, 139, 40, 34, 78, 34, 30, 60, 21, 51, 60, 16, 84, 49, 19, 54, 37, 33, 76, 63, 95, 44, 25, 44, 97, 79, 53, 44, 35, 17, 10, 61, 28, 25, 12, 63, 32, 27, 31, 69, 29, 49, 47, 89, 28, 89, 76, 33, 21, 66, 71, 30, 84, 46, 42, 67, 21, 59, 63, 9, 50, 73, 38, 26, 20, 31, 85, 51, 100, 38, 41, 28, 58, 49, 61, 4, 9, 14, 41, 64, 70, 43, 101, 76, 83, 12, 5, 66, 122, 8, 115, 20, 19, 41, 65, 17, 29, 7, 27, 26, 26, 31, 62, 25, 15, 68, 37, 4, 35, 59, 55, 6, 81, 100, 66, 31, 14, 8, 37, 6, 169, 54, 52, 55, 84, 44, 42, 37, 58, 6, 60, 47, 37, 50, 25, 9, 58, 67, 33, 92, 55, 88, 17, 85, 37, 40, 42, 33, 26, 15, 14, 17, 45, 54, 35, 44, 22, 39, 35, 25, 49, 38, 28, 7, 40, 56, 37, 45, 15, 48, 30, 6, 70, 35, 52, 41, 28, 33, 5, 50, 29, 8, 93, 109, 55, 21, 72, 24, 73, 33, 96, 38, 24, 14, 49, 3, 49, 35, 14, 18, 26, 12, 23, 72, 20, 21, 23, 17, 65, 16, 25, 76, 24, 12, 58, 23, 56, 35, 17, 31, 28, 16, 48, 24, 11, 39, 14, 15, 24, 35, 35, 20, 15, 91, 42, 20, 84, 67, 30, 50, 40, 16, 32, 57, 7, 18, 24, 47, 15, 42, 3, 13, 38, 5, 34, 30, 40, 17, 27, 32, 4, 45, 34, 53, 29, 33, 7, 40, 8, 33, 36, 18, 20, 59, 7, 26, 57, 18, 17, 7, 55, 3, 32, 28, 8, 8, 43, 68, 76, 21, 3, 31, 32, 31, 5, 16, 37, 4, 6, 7, 16, 42, 48, 42, 54, 5, 40, 29, 20, 56, 4, 22, 6, 31, 3, 14, 40, 2, 5, 53, 6, 61, 18, 88, 8, 22, 17, 48, 94, 69, 27, 45, 10, 7, 4, 48, 4, 38, 37, 52, 55, 4, 33, 29, 17, 5, 42, 39, 7, ] # of comm: 548
Cora full (All nodes): PageRank + Cust11
   Max NMI = [0.535,0.576] res:= 30
   Partition sizes: [39, 98, 143, 96, 101, 83, 26, 62, 44, 2, 89, 30, 1, 1, 21, 67, 69, 58, 11, 35, 38, 13, 11, 47, 15, 41, 71, 27, 50, 24, 77, 50, 46, 15, 47, 35, 85, 1, 131, 1, 67, 40, 37, 1, 50, 36, 36, 45, 118, 38, 58, 135, 4, 1, 50, 15, 51, 42, 33, 33, 34, 46, 74, 54, 80, 29, 94, 14, 59, 35, 21, 41, 58, 7, 121, 49, 10, 107, 73, 2, 99, 60, 1, 73, 24, 9, 36, 25, 1, 18, 54, 99, 61, 14, 29, 71, 42, 29, 23, 7, 47, 46, 25, 95, 31, 121, 35, 125, 50, 42, 35, 3, 80, 101, 41, 26, 64, 4, 29, 26, 26, 43, 23, 74, 1, 18, 59, 13, 26, 51, 55, 25, 22, 20, 1, 49, 1, 32, 1, 27, 34, 48, 26, 28, 22, 26, 46, 78, 1, 63, 28, 78, 24, 34, 61, 49, 72, 34, 37, 59, 86, 91, 66, 140, 30, 58, 1, 24, 56, 56, 9, 20, 39, 44, 40, 47, 49, 79, 31, 75, 24, 9, 62, 38, 15, 48, 14, 1, 21, 48, 99, 63, 31, 49, 57, 37, 1, 46, 33, 24, 43, 24, 1, 62, 41, 60, 32, 24, 70, 23, 62, 91, 1, 62, 48, 43, 58, 22, 73, 54, 18, 39, 94, 61, 42, 35, 16, 101, 60, 1, 19, 45, 92, 25, 1, 50, 71, 70, 59, 15, 44, 36, 16, 74, 47, 48, 53, 54, 39, 22, 26, 38, 62, 37, 61, 56, 50, 40, 15, 86, 106, 46, 38, 53, 64, 45, 7, 27, 6, 58, 84, 55, 45, 63, 25, 29, 35, 53, 17, 79, 47, 89, 50, 42, 27, 36, 55, 17, 23, 109, 19, 23, 26, 18, 60, 5, 21, 23, 69, 1, 50, 51, 38, 45, 58, 13, 31, 45, 29, 35, 35, 7, 1, 30, 42, 7, 33, 21, 41, 44, 98, 35, 19, 104, 44, 21, 69, 50, 99, 29, 55, 56, 43, 78, 20, 63, 23, 32, 39, 31, 42, 25, 37, 40, 83, 32, 22, 28, 86, 63, 17, 58, 57, 24, 8, 88, 4, 67, 64, 54, 61, 112, 78, 38, 79, 34, 43, 18, 6, 38, 98, 75, 47, 23, 38, 90, 71, 39, 41, 68, 38, 23, 53, 44, 38, 1, 45, 29, 21, 22, 1, 12, 13, 30, 25, 15, 24, 15, 89, 15, 45, 23, 109, 32, 51, 85, 46, 21, 42, 74, 42, 55, 47, 35, 120, 71, 40, 33, 58, 19, 38, 28, 1, 5, 47, 42, 10, 46, 34, 68, 86, 56, 1, 23, 58, 44, 98, 27, 18, 37, 46, 15, 23, 66, 9, 40, 61, 45, 43, 3, 45, 28, 61, 104, 19, 24, 73, 50, 11, 60, 29, 12, 28, 48, 41, 20, 79, 31, 32, 24, 46, 49, 39, 12, 25, 39, 55, 4, 24, 56, 17, 17, 16, 17, 16, 60, 25, 23, 12, 36, 49, 30, 64, 30, 29, 59, 1, 8, 48, 35, 34, 22, 27, 4, 15, 47, 28, 32, 17, 34, 21, 17, 4, 44, 19, 43, 10, 40, 52, 1, 1, 11, 59, 15, 47, 68, 52, 49, 23, 3, 33, 3, 8, 43, 33, 42, 6, 33, 31, 48, 26, 13, 41, 6, 17, 14, 5, 91, 12, 6, 4, 21, 23, 35, 6, 8, 63, 7, 14, 5, 20, 5, 4, 34, 41, 40, 1, 32, 6, 3, 80, 11, 4, 15, 5, 7, ] # of comm: 576
   Max Purity = [0.535,0.576] res:= 30
   Partition sizes: [39, 98, 143, 96, 101, 83, 26, 62, 44, 2, 89, 30, 1, 1, 21, 67, 69, 58, 11, 35, 38, 13, 11, 47, 15, 41, 71, 27, 50, 24, 77, 50, 46, 15, 47, 35, 85, 1, 131, 1, 67, 40, 37, 1, 50, 36, 36, 45, 118, 38, 58, 135, 4, 1, 50, 15, 51, 42, 33, 33, 34, 46, 74, 54, 80, 29, 94, 14, 59, 35, 21, 41, 58, 7, 121, 49, 10, 107, 73, 2, 99, 60, 1, 73, 24, 9, 36, 25, 1, 18, 54, 99, 61, 14, 29, 71, 42, 29, 23, 7, 47, 46, 25, 95, 31, 121, 35, 125, 50, 42, 35, 3, 80, 101, 41, 26, 64, 4, 29, 26, 26, 43, 23, 74, 1, 18, 59, 13, 26, 51, 55, 25, 22, 20, 1, 49, 1, 32, 1, 27, 34, 48, 26, 28, 22, 26, 46, 78, 1, 63, 28, 78, 24, 34, 61, 49, 72, 34, 37, 59, 86, 91, 66, 140, 30, 58, 1, 24, 56, 56, 9, 20, 39, 44, 40, 47, 49, 79, 31, 75, 24, 9, 62, 38, 15, 48, 14, 1, 21, 48, 99, 63, 31, 49, 57, 37, 1, 46, 33, 24, 43, 24, 1, 62, 41, 60, 32, 24, 70, 23, 62, 91, 1, 62, 48, 43, 58, 22, 73, 54, 18, 39, 94, 61, 42, 35, 16, 101, 60, 1, 19, 45, 92, 25, 1, 50, 71, 70, 59, 15, 44, 36, 16, 74, 47, 48, 53, 54, 39, 22, 26, 38, 62, 37, 61, 56, 50, 40, 15, 86, 106, 46, 38, 53, 64, 45, 7, 27, 6, 58, 84, 55, 45, 63, 25, 29, 35, 53, 17, 79, 47, 89, 50, 42, 27, 36, 55, 17, 23, 109, 19, 23, 26, 18, 60, 5, 21, 23, 69, 1, 50, 51, 38, 45, 58, 13, 31, 45, 29, 35, 35, 7, 1, 30, 42, 7, 33, 21, 41, 44, 98, 35, 19, 104, 44, 21, 69, 50, 99, 29, 55, 56, 43, 78, 20, 63, 23, 32, 39, 31, 42, 25, 37, 40, 83, 32, 22, 28, 86, 63, 17, 58, 57, 24, 8, 88, 4, 67, 64, 54, 61, 112, 78, 38, 79, 34, 43, 18, 6, 38, 98, 75, 47, 23, 38, 90, 71, 39, 41, 68, 38, 23, 53, 44, 38, 1, 45, 29, 21, 22, 1, 12, 13, 30, 25, 15, 24, 15, 89, 15, 45, 23, 109, 32, 51, 85, 46, 21, 42, 74, 42, 55, 47, 35, 120, 71, 40, 33, 58, 19, 38, 28, 1, 5, 47, 42, 10, 46, 34, 68, 86, 56, 1, 23, 58, 44, 98, 27, 18, 37, 46, 15, 23, 66, 9, 40, 61, 45, 43, 3, 45, 28, 61, 104, 19, 24, 73, 50, 11, 60, 29, 12, 28, 48, 41, 20, 79, 31, 32, 24, 46, 49, 39, 12, 25, 39, 55, 4, 24, 56, 17, 17, 16, 17, 16, 60, 25, 23, 12, 36, 49, 30, 64, 30, 29, 59, 1, 8, 48, 35, 34, 22, 27, 4, 15, 47, 28, 32, 17, 34, 21, 17, 4, 44, 19, 43, 10, 40, 52, 1, 1, 11, 59, 15, 47, 68, 52, 49, 23, 3, 33, 3, 8, 43, 33, 42, 6, 33, 31, 48, 26, 13, 41, 6, 17, 14, 5, 91, 12, 6, 4, 21, 23, 35, 6, 8, 63, 7, 14, 5, 20, 5, 4, 34, 41, 40, 1, 32, 6, 3, 80, 11, 4, 15, 5, 7, ] # of comm: 576
