True Labels: [0, 1, 2, 3, 4, 5, 6, 7, 8, 9, 10, 11, 12, 13, 14, 15, 16, 17, 18, 19, 20, 21, 22, 23, 24, 25, 26, 27, 28, 29, 30, 31, 32, ] # of Comms: 33
miRNA (All nodes): Louv
   Max NMI = [0.835,0.725] res:= 0.61
   Partition sizes: [440, 157, 421, 560, 1213, 1916, 794, 61, 84, 538, 188, 88, 1193, 536, 667, 570, 459, 182, 183, 54, 210, 506, ] # of comm: 22
   Max Purity = [0.822,0.829] res:= 1.81
   Partition sizes: [690, 79, 61, 158, 219, 272, 559, 109, 285, 47, 188, 540, 88, 344, 536, 509, 598, 227, 313, 175, 55, 378, 570, 180, 316, 183, 299, 853, 568, 84, 441, 131, 506, 459, ] # of comm: 34
miRNA (All nodes): FL + Cust2 + Survive: 0
   Max NMI = [0.819,0.671] res:= 1.81
   Partition sizes: [79, 2470, 792, 84, 188, 183, 1235, 61, 157, 442, 536, 54, 506, 571, 424, 650, 565, 133, 88, 1343, 459, ] # of comm: 21
   Max Purity = [0.817,0.676] res:= 1.91
   Partition sizes: [79, 1343, 442, 90, 646, 84, 61, 183, 791, 536, 157, 1234, 459, 430, 188, 54, 133, 505, 559, 88, 571, 2387, ] # of comm: 22
miRNA (All nodes): FL + Cust6 + Survive: 0
   Max NMI = [0.834,0.718] res:= 1.81
   Partition sizes: [79, 559, 443, 790, 84, 61, 188, 582, 183, 1241, 459, 536, 157, 55, 506, 571, 1342, 654, 428, 133, 88, 1881, ] # of comm: 22
   Max Purity = [0.834,0.718] res:= 1.81
   Partition sizes: [79, 559, 443, 790, 84, 61, 188, 582, 183, 1241, 459, 536, 157, 55, 506, 571, 1342, 654, 428, 133, 88, 1881, ] # of comm: 22
miRNA (All nodes): FL + Cust11 + Survive: 0
   Max NMI = [0.838,0.808] res:= 1.01
   Partition sizes: [1102, 61, 157, 505, 564, 438, 507, 84, 183, 107, 662, 569, 336, 880, 378, 536, 50, 309, 79, 55, 286, 591, 178, 459, 188, 131, 1331, 88, 206, ] # of comm: 29
   Max Purity = [0.829,0.832] res:= 1.61
   Partition sizes: [79, 343, 581, 287, 109, 568, 507, 61, 84, 183, 849, 195, 49, 309, 139, 536, 505, 306, 184, 459, 188, 562, 441, 339, 54, 131, 158, 563, 88, 570, 392, 932, 269, ] # of comm: 33
miRNA (All nodes): FL_ng + Cust2 + Survive: 0
   Max NMI = [0.835,0.729] res:= 1.61
   Partition sizes: [78, 1195, 542, 792, 571, 438, 83, 188, 183, 459, 61, 536, 1235, 157, 506, 1896, 657, 559, 429, 54, 134, 88, 179, ] # of comm: 23
   Max Purity = [0.835,0.729] res:= 1.61
   Partition sizes: [78, 1195, 542, 792, 571, 438, 83, 188, 183, 459, 61, 536, 1235, 157, 506, 1896, 657, 559, 429, 54, 134, 88, 179, ] # of comm: 23
miRNA (All nodes): FL_ng + Cust6 + Survive: 0
   Max NMI = [0.834,0.729] res:= 1.31
   Partition sizes: [432, 78, 439, 543, 792, 83, 61, 188, 1237, 459, 183, 157, 536, 1197, 179, 648, 559, 54, 134, 506, 88, 1897, 570, ] # of comm: 23
   Max Purity = [0.834,0.729] res:= 1.31
   Partition sizes: [432, 78, 439, 543, 792, 83, 61, 188, 1237, 459, 183, 157, 536, 1197, 179, 648, 559, 54, 134, 506, 88, 1897, 570, ] # of comm: 23
miRNA (All nodes): FL_ng + Cust11 + Survive: 0
   Max NMI = [0.839,0.749] res:= 0.71
   Partition sizes: [1094, 61, 157, 441, 109, 507, 183, 188, 536, 1965, 424, 533, 563, 54, 570, 183, 661, 1156, 460, 84, 506, 79, 88, 418, ] # of comm: 24
   Max Purity = [0.815,0.816] res:= 1.81
   Partition sizes: [502, 61, 157, 188, 607, 846, 488, 441, 205, 459, 47, 508, 408, 84, 560, 563, 109, 183, 331, 570, 308, 312, 536, 570, 181, 174, 286, 188, 54, 506, 131, 79, 88, 290, ] # of comm: 34
miRNA (All nodes): FL_ng_prop + Cust2 + Survive: 0
   Max NMI = [0.831,0.712] res:= 0.91
   Partition sizes: [79, 61, 439, 553, 571, 83, 188, 1242, 183, 157, 459, 536, 422, 519, 651, 1373, 54, 1931, 925, 506, 88, ] # of comm: 21
   Max Purity = [0.827,0.763] res:= 1.91
   Partition sizes: [79, 439, 565, 792, 529, 61, 83, 188, 183, 459, 88, 536, 138, 157, 1131, 180, 311, 571, 106, 850, 611, 338, 54, 133, 1572, 506, 360, ] # of comm: 27
miRNA (All nodes): FL_ng_prop + Cust6 + Survive: 0
   Max NMI = [0.838,0.73] res:= 1.01
   Partition sizes: [404, 61, 565, 792, 571, 440, 1887, 83, 188, 183, 158, 1186, 1241, 536, 79, 180, 459, 666, 54, 133, 506, 88, 560, ] # of comm: 23
   Max Purity = [0.834,0.8] res:= 1.91
   Partition sizes: [350, 553, 208, 571, 459, 440, 558, 83, 188, 105, 307, 183, 508, 1134, 536, 158, 79, 61, 180, 138, 284, 853, 624, 334, 54, 133, 1345, 506, 88, ] # of comm: 29
miRNA (All nodes): FL_ng_prop + Cust11 + Survive: 0
   Max NMI = [0.834,0.738] res:= 0.71
   Partition sizes: [1099, 2010, 90, 285, 61, 84, 210, 183, 560, 188, 1154, 536, 509, 425, 109, 54, 506, 390, 571, 183, 668, 440, 88, 158, 459, ] # of comm: 25
   Max Purity = [0.825,0.827] res:= 1.61
   Partition sizes: [79, 203, 506, 109, 285, 139, 907, 47, 230, 131, 183, 560, 439, 183, 556, 374, 506, 619, 536, 395, 539, 349, 312, 188, 843, 84, 54, 88, 571, 61, 327, 158, 459, ] # of comm: 33
miRNA (All nodes): PageRank + Cust2 + Survive: 0
   Max NMI = [0.845,0.755] res:= 0.71
   Partition sizes: [557, 1877, 442, 106, 423, 182, 188, 183, 157, 61, 507, 658, 1135, 79, 536, 570, 593, 1157, 459, 84, 54, 418, 88, 506, ] # of comm: 24
   Max Purity = [0.828,0.833] res:= 1.81
   Partition sizes: [280, 557, 599, 861, 368, 105, 61, 182, 441, 183, 393, 536, 508, 516, 47, 157, 773, 79, 54, 286, 139, 297, 459, 188, 561, 84, 342, 88, 570, 315, 506, 131, 354, ] # of comm: 33
miRNA (All nodes): PageRank + Cust6 + Survive: 0
   Max NMI = [0.844,0.755] res:= 0.71
   Partition sizes: [441, 107, 507, 417, 182, 188, 61, 1156, 536, 1135, 157, 79, 54, 506, 425, 570, 183, 597, 659, 84, 1870, 559, 88, 459, ] # of comm: 24
   Max Purity = [0.825,0.824] res:= 1.81
   Partition sizes: [79, 565, 567, 297, 559, 570, 441, 61, 47, 507, 563, 109, 832, 157, 348, 863, 536, 139, 54, 506, 182, 183, 286, 459, 188, 84, 339, 205, 131, 88, 570, 300, 205, ] # of comm: 33
miRNA (All nodes): PageRank + Cust11 + Survive: 0
   Max NMI = [0.839,0.805] res:= 1.11
   Partition sizes: [1138, 79, 1, 157, 436, 2, 925, 160, 507, 1303, 110, 440, 61, 564, 182, 596, 570, 183, 266, 88, 382, 536, 509, 47, 55, 574, 459, 188, 84, 131, 2, 285, ] # of comm: 32
   Max Purity = [0.825,0.841] res:= 1.91
   Partition sizes: [610, 79, 1, 61, 158, 3, 201, 299, 387, 521, 395, 440, 506, 85, 564, 108, 183, 570, 183, 88, 540, 4, 556, 535, 1, 182, 47, 55, 569, 266, 188, 131, 507, 283, 197, 730, 327, 460, ] # of comm: 38
