mRNA: FL + 5 hops + Survive: 0
   Max NMI = [0.89,0.765] res:= 0.26
   Partition sizes: 67 30 91 57 54 100 24 39 28 59 23 29 21 72 61 31 20 50 53 27 20 49 42 28 113 23 13 74 46 35 115 44 32 25 58 50 31 96 18 66 123 54 41 10 30 75 
   Max Purity = [0.871,0.841] res:= 0.01
   Partition sizes: 67 30 54 144 172 28 91 23 29 41 103 61 20 50 53 27 49 42 113 23 229 35 172 25 108 59 66 123 54 41 10 30 75 
mRNA: FL_ng + 5 hops + Survive: 0
   Max NMI = [0.89,0.856] res:= 0.11
   Partition sizes: 38 1 1 126 58 1 35 1 47 4 83 19 1 20 39 1 5 23 2 27 222 70 14 21 18 16 41 38 170 161 4 122 21 25 1 26 18 13 117 25 1 32 123 103 14 4 91 49 1 36 46 14 58 
   Max Purity = [0.863,0.873] res:= 0.01
   Partition sizes: 38 58 70 1 1 126 1 35 1 47 4 19 1 20 1 5 23 2 27 343 14 21 18 16 41 170 161 4 122 21 25 1 26 18 13 220 25 1 71 123 14 4 91 49 1 36 46 14 58 
mRNA: FL_ng_prop + 5 hops + Survive: 0
   Max NMI = [0.851,0.797] res:= 0.11
   Partition sizes: 56 52 85 2 1 2 2 1 1 52 2 14 39 15 2 16 2 1 110 1 19 1 2 18 7 21 31 11 59 70 13 1 10 9 1 6 1 170 21 3 7 18 18 2 1 50 13 1 132 10 1 32 129 20 258 4 28 110 3 1 106 1 1 9 29 17 120 67 18 4 14 1 37 7 1 46 1 
   Max Purity = [0.827,0.805] res:= 0.01
   Partition sizes: 56 52 85 2 1 2 2 1 1 2 14 39 15 2 16 2 1 177 1 19 1 2 18 7 21 31 11 59 202 13 1 10 9 1 6 1 170 21 3 7 18 18 2 1 50 13 1 10 1 32 129 20 310 4 28 110 3 1 106 1 1 9 29 17 120 18 4 14 1 37 7 1 46 1 
mRNA: FL + log(n) hops + Survive: 0
   Max NMI = [0.896,0.809] res:= 0.11
   Partition sizes: 34 57 47 50 62 62 29 160 29 22 28 64 27 60 36 22 63 117 26 4 5 46 32 100 32 23 46 2 73 39 42 86 31 93 105 109 18 39 136 42 29 64 56 
   Max Purity = [0.889,0.858] res:= 0.01
   Partition sizes: 34 57 47 50 62 62 234 29 22 28 60 100 22 26 4 5 46 64 100 23 109 2 73 39 159 86 124 105 109 39 136 42 29 64 56 
mRNA: FL_ng + log(n) hops + Survive: 0
   Max NMI = [0.863,0.701] res:= 0.46
   Partition sizes: 57 52 1 36 2 23 73 23 2 19 21 81 53 19 36 80 3 1 19 1 36 17 37 25 25 18 26 16 45 1 98 75 3 70 25 30 47 19 65 11 61 9 1 30 18 104 24 40 109 29 12 60 29 84 1 16 3 17 1 134 3 1 51 44 1 18 56 
   Max Purity = [0.859,0.836] res:= 0.01
   Partition sizes: 57 52 1 36 2 73 51 2 19 216 53 19 182 3 1 19 1 36 17 37 25 25 18 49 16 45 1 287 145 3 25 30 19 11 1 30 104 24 65 12 60 113 1 3 1 134 3 1 44 1 18 56 
mRNA: FL_ng_prop + log(n) hops + Survive: 0
   Max NMI = [0.863,0.747] res:= 0.26
   Partition sizes: 46 58 77 1 1 2 2 2 2 1 83 2 3 83 17 16 2 18 50 1 15 19 1 9 21 1 10 3 13 60 54 13 11 29 92 157 35 1 3 2 25 5 105 23 21 1 1 1 54 1 13 10 9 1 60 34 82 2 28 107 37 133 1 1 68 1 33 5 1 11 13 47 1 126 15 8 2 37 6 32 14 4 1 50 1 
   Max Purity = [0.829,0.8] res:= 0.01
   Partition sizes: 46 58 77 1 1 2 2 2 2 1 336 2 3 17 16 2 18 50 1 15 19 1 9 21 1 10 3 13 60 54 13 11 29 253 157 35 1 3 2 25 5 105 23 21 1 1 1 1 13 10 9 1 34 142 2 28 1 1 1 101 5 1 11 13 47 1 126 15 8 2 37 6 32 14 4 1 50 1 
mRNA: PageRank + log(n) hops + Survive: 0
   Max NMI = [0.924,0.867] res:= 0.11
   Partition sizes: 97 40 91 29 78 19 15 36 51 42 16 25 20 10 7 3 124 54 39 112 22 66 13 79 28 198 3 20 2 90 105 133 42 81 2 105 87 81 96 5 14 48 19 
   Max Purity = [0.907,0.92] res:= 0.01
   Partition sizes: 97 40 91 29 78 19 15 36 51 42 16 25 20 10 7 3 124 39 112 22 13 235 28 198 3 20 2 292 81 2 105 87 123 96 5 14 48 19 
mRNA: FL + 5 hops + Survive: 1
   Max NMI = [0.046,0.066] res:= 0.76
   Partition sizes: 30 61 56 63 23 28 74 1 25 53 22 26 20 24 59 47 19 52 50 23 59 49 44 35 79 24 27 21 75 44 21 26 88 28 19 43 32 23 66 18 17 37 25 100 65 25 53 48 
   Max Purity = [0.041,0.139] res:= 0.01
   Partition sizes: 30 61 56 74 1 25 81 22 26 20 103 47 19 52 197 23 49 44 35 79 24 27 21 26 19 271 121 17 37 25 100 89 25 53 48 
mRNA: FL_ng + 5 hops + Survive: 1
   Max NMI = [0.048,0.108] res:= 0.21
   Partition sizes: 1 3 19 1 18 3 46 51 16 21 25 1 4 18 25 15 4 1 63 26 5 14 15 18 42 14 85 31 69 1 56 18 1 40 12 74 23 41 2 20 120 20 74 39 43 68 26 1 1 34 3 26 108 77 41 2 210 14 54 44 
   Max Purity = [0.041,0.128] res:= 0.01
   Partition sizes: 1 3 1 18 3 51 16 21 1 4 18 50 15 4 1 26 5 14 15 18 42 63 14 126 31 69 1 18 1 12 23 2 20 195 188 249 111 46 1 1 34 46 3 26 77 108 41 2 14 54 44 
mRNA: FL_ng_prop + 5 hops + Survive: 1
   Max NMI = [0.05,0.049] res:= 1.91
   Partition sizes: 12 63 2 2 4 9 2 43 1 77 14 1 15 25 48 1 1 9 18 25 14 1 1 1 13 19 22 19 2 2 30 2 10 1 27 32 13 41 11 41 1 2 2 2 44 61 54 28 33 18 6 1 8 13 70 9 2 18 36 1 20 66 15 67 9 26 1 20 21 64 13 25 24 56 1 10 12 4 59 1 9 35 34 25 41 2 25 25 35 14 1 2 40 13 49 
   Max Purity = [0.048,0.154] res:= 0.01
   Partition sizes: 12 63 2 2 4 9 2 1 299 14 1 15 1 1 18 187 33 1 1 1 13 41 2 2 2 10 1 32 13 106 11 41 1 2 2 2 115 28 18 6 1 13 9 2 18 36 125 1 20 66 15 9 26 1 102 1 10 12 4 73 1 35 100 2 25 25 35 1 2 13 49 
mRNA: FL + log(n) hops + Survive: 1
   Max NMI = [0.046,0.071] res:= 0.46
   Partition sizes: 30 54 51 25 21 1 26 51 22 24 21 25 28 28 46 66 21 58 53 85 62 17 1 40 69 68 43 22 27 42 25 76 27 27 25 30 59 29 42 38 92 29 26 110 61 27 47 50 
   Max Purity = [0.038,0.127] res:= 0.01
   Partition sizes: 30 54 51 1 26 78 22 24 25 28 46 66 21 58 53 197 17 1 40 69 43 22 27 42 25 76 27 114 29 219 38 29 26 110 89 27 47 50 
mRNA: FL_ng + log(n) hops + Survive: 1
   Max NMI = [0.045,0.052] res:= 1.86
   Partition sizes: 3 23 3 1 1 49 101 1 14 19 63 19 17 1 21 19 3 4 1 21 43 27 21 44 21 1 18 1 16 22 1 1 23 25 9 37 62 1 56 16 37 8 54 13 40 43 24 1 73 24 26 64 26 1 1 8 48 29 49 79 39 17 1 16 3 54 16 36 26 26 16 36 12 45 16 17 14 39 41 
   Max Purity = [0.043,0.106] res:= 0.01
   Partition sizes: 3 23 1 1 49 3 1 19 63 19 17 1 21 61 3 4 1 21 43 27 21 1 18 1 16 22 1 1 44 23 37 62 1 56 16 37 8 54 113 24 1 104 24 26 206 1 1 8 48 45 49 92 39 1 3 116 16 26 36 12 45 17 53 41 
mRNA: FL_ng_prop + log(n) hops + Survive: 1
   Max NMI = [0.05,0.099] res:= 0.11
   Partition sizes: 20 55 3 1 2 9 4 2 13 111 1 192 2 14 69 3 16 15 1 18 42 2 1 1 1 1 13 25 32 2 1 27 35 13 12 11 1 66 4 34 108 6 49 1 18 1 20 1 3 41 15 40 12 53 104 35 1 1 20 2 19 2 26 1 60 40 103 1 13 1 13 105 21 3 3 1 28 1 17 50 33 
   Max Purity = [0.049,0.162] res:= 0.01
   Partition sizes: 20 55 3 1 2 9 4 2 1 2 14 69 3 16 15 1 18 42 2 1 1 1 1 13 25 32 316 2 1 27 35 13 12 11 1 107 4 34 108 6 49 1 18 1 20 1 3 15 93 12 104 35 1 1 20 2 19 2 26 1 100 103 1 13 1 13 105 21 3 3 1 28 1 17 50 33 
mRNA: PageRank + log(n) hops + Survive: 1
   Max NMI = [0.053,0.088] res:= 0.41
   Partition sizes: 89 55 114 18 16 14 69 32 47 11 36 14 24 14 9 8 55 20 20 34 140 30 72 3 81 13 57 80 31 13 20 19 32 84 2 96 97 3 104 79 60 75 6 12 39 
   Max Purity = [0.05,0.172] res:= 0.01
   Partition sizes: 89 55 18 16 14 335 32 47 11 36 14 24 14 9 8 20 30 72 3 115 13 171 13 20 19 32 221 2 96 3 104 79 80 75 6 12 39 
