True Labels: [0, 1, 2, 3, 4, 5, 6, 7, 8, 9, 10, 11, 12, 13, 14, 15, 16, 17, 18, 19, 20, 21, 22, 23, 24, 25, 26, 27, 28, 29, 30, 31, 32, 33, 34, 35, 36, 37, 38, 39, 40, 41, 42, 43, 44, 45, 46, 47, 48, 49, 50, 51, 52, 53, 54, 55, 56, 57, 58, 59, 60, 61, 62, 63, 64, 65, 66, 67, 68, 69, 70, 71, 72, 73, 74, 75, 76, 77, 78, 79, 80, 81, 82, 83, 84, 85, 86, 87, 88, 89, 90, 91, 92, 93, 94, 95, 96, 97, 98, 99, 100, 101, 102, 103, 104, 105, 106, 107, 108, 109, 110, 111, 112, 113, 114, 115, 116, 117, 118, 119, 120, 121, 122, 123, 124, 125, 126, 127, 128, 129, 130, 131, 132, 133, 134, 135, 136, 137, 138, 139, 140, 141, 142, 143, 144, 145, 146, 147, 148, 149, 150, 151, 152, 153, 154, 155, 156, 157, 158, 159, 160, 161, 162, 163, 164, 165, 166, 167, 168, 169, 170, 171, 172, 173, 174, 175, 176, 177, 178, 179, 180, 181, 182, 183, 184, 185, 186, 187, 188, 189, 190, 191, 192, 193, 194, 195, 196, 197, 198, 199, 200, 201, 202, 203, 204, 205, 206, 207, 208, 209, 210, 211, 212, 213, 214, 215, 216, 217, 218, 219, 220, 221, 222, 223, 224, 225, 226, 227, 228, 229, 230, 231, 232, 233, 234, 235, 236, 237, 238, 239, 240, 241, 242, 243, 244, 245, 246, 247, 248, 249, 250, 251, 252, 253, 254, 255, 256, 257, 258, 259, 260, 261, 262, 263, 264, 265, 266, 267, 268, 269, 270, 271, 272, 273, 274, 275, 276, 277, 278, 279, 280, 281, 282, 283, 284, 285, 286, 287, 288, 289, 290, 291, 292, 293, 294, 295, 296, 297, 298, 299, 300, 301, 302, 303, 304, 305, 306, 307, 308, 309, 310, 311, 312, 313, 314, 315, 316, 317, 318, 319, 320, 321, 322, 323, 324, 325, 326, 327, 328, 329, 330, 331, 332, 333, 334, 335, 336, 337, 338, 339, 340, 341, 342, 343, 344, 345, 346, 347, 348, 349, 350, 351, 352, 353, 354, 355, 356, 357, 358, 359, 360, 361, 362, 363, 364, 365, 366, 367, 368, 369, 370, 371, 372, 373, 374, 375, 376, 377, 378, 379, 380, 381, 382, 383, 384, 385, 386, 387, 388, 389, 390, 391, 392, 393, 394, 395, 396, 397, 398, 399, 400, 401, 402, 403, 404, 405, 406, 407, 408, 409, 410, 411, 412, 413, 414, 415, 416, 417, 418, 419, 420, 421, 422, 423, 424, 425, 426, 427, 428, 429, 430, 431, 432, 433, 434, 435, 436, 437, 438, 439, 440, 441, 442, 443, 444, 445, 446, 447, 448, 449, 450, 451, 452, 453, 454, 455, 456, 457, 458, 459, 460, 461, 462, 463, 464, 465, 466, 467, 468, 469, 470, 471, 472, 473, 474, 475, 476, 477, 478, 479, 480, 481, 482, 483, 484, 485, 486, 487, 488, 489, 490, 491, 492, 493, 494, 495, 496, 497, 498, 499, 500, 501, 502, 503, 504, 505, 506, 507, 508, 509, 510, 511, 512, 513, 514, 515, 516, 517, 518, 519, 520, 521, 522, 523, 524, 525, 526, 527, 528, 529, 530, 531, 532, 533, 534, 535, 536, 537, 538, 539, 540, 541, 542, 543, 544, 545, 546, 547, 548, 549, 550, 551, 552, 553, 554, 555, 556, 557, 558, 559, 560, 561, 562, 563, 564, 565, 566, 567, 568, 569, 570, 571, 572, 573, 574, 575, 576, 577, 578, 579, 580, 581, 582, 583, 584, 585, 586, 587, 588, 589, 590, 591, 592, 593, 594, 595, 596, 597, 598, 599, 600, 601, 602, 603, 604, 605, 606, 607, 608, 609, 610, 611, 612, 613, 614, 615, 616, 617, 618, 619, 620, 621, 622, 623, 624, 625, 626, 627, 628, 629, 630, 631, 632, 633, 634, 635, 636, 637, 638, 639, 640, 641, 642, 643, 644, 645, 646, 647, 648, 649, 650, 651, 652, 653, 654, 655, 656, 657, 658, 659, 660, 661, 662, 663, 664, 665, 666, 667, 668, 669, 670, 671, 672, 673, 674, 675, 676, 677, 678, 679, 680, 681, 682, 683, 684, 685, 686, 687, 688, 689, 690, 691, 692, 693, 694, 695, 696, 697, 698, 699, 700, 701, 702, 703, 704, 705, 706, 707, 708, 709, 710, 711, 712, 713, 714, 715, 716, 717, 718, 719, 720, 721, 722, 723, 724, 725, 726, 727, 728, 729, 730, 731, 732, 733, 734, 735, 736, 737, 738, 739, 740, 741, 742, 743, 744, 745, 746, 747, 748, 749, 750, 751, 752, 753, 754, 755, 756, 757, 758, 759, 760, 761, 762, 763, 764, 765, 766, 767, 768, 769, 770, 771, 772, 773, 774, 775, 776, 777, 778, 779, 780, 781, 782, 783, 784, 785, 786, 787, 788, 789, 790, 791, 792, 793, 794, 795, 796, 797, 798, 799, 800, 801, 802, 803, 804, 805, 806, 807, 808, 809, 810, 811, 812, 813, 814, 815, 816, 817, 818, 819, 820, 821, 822, 823, 824, 825, 826, 827, 828, 829, 830, 831, 832, 833, 834, 835, 836, 837, 838, 839, 840, 841, 842, 843, 844, 845, 846, 847, 848, 849, 850, 851, 852, 853, 854, 855, 856, 857, 858, 859, 860, 861, 862, 863, 864, 865, 866, 867, 868, 869, 870, 871, 872, 873, 874, 875, 876, 877, 878, 879, 880, 881, 882, 883, 884, 885, 886, 887, 888, 889, 890, 891, 892, 893, 894, 895, 896, 897, 898, 899, 900, 901, 902, 903, 904, 905, 906, 907, 908, 909, 910, 911, 912, 913, 914, 915, 916, 917, 918, 919, 920, 921, 922, 923, 924, 925, 926, 927, 928, 929, 930, 931, 932, 933, 934, 935, 936, 937, 938, 939, 940, 941, 942, 943, 944, 945, 946, 947, 948, 949, 950, 951, 952, 953, 954, 955, 956, 957, 958, 959, 960, 961, 962, 963, ] # of Comms: 964
Omniglot (All nodes): Louv
   Max NMI = [0.438,0.04] res:= 1.91
   Partition sizes: [150, 96, 137, 187, 499, 217, 188, 61, 273, 382, 33, 51, 89, 170, 278, 95, 207, 263, 269, 232, 176, 643, 318, 184, 86, 280, 312, 620, 375, 245, 143, 300, 94, 145, 402, 479, 357, 303, 231, 139, 194, 97, ] # of comm: 42
   Max Purity = [0.438,0.04] res:= 1.91
   Partition sizes: [150, 96, 137, 187, 499, 217, 188, 61, 273, 382, 33, 51, 89, 170, 278, 95, 207, 263, 269, 232, 176, 643, 318, 184, 86, 280, 312, 620, 375, 245, 143, 300, 94, 145, 402, 479, 357, 303, 231, 139, 194, 97, ] # of comm: 42
Omniglot(All nodes): FL + Cust2
   Max NMI = [0.049,0.005] res:= 1.61
   Partition sizes: [9493, 25, 482, ] # of comm: 3
   Max Purity = [0.049,0.005] res:= 1.61
   Partition sizes: [9493, 25, 482, ] # of comm: 3
Omniglot(All nodes): FL + Cust6
   Max NMI = [0.089,0.006] res:= 1.91
   Partition sizes: [771, 364, 8865, ] # of comm: 3
   Max Purity = [0.082,0.006] res:= 1.61
   Partition sizes: [9152, 527, 321, ] # of comm: 3
Omniglot(All nodes): FL + Cust11
   Max NMI = [0.438,0.039] res:= 1.91
   Partition sizes: [248, 311, 277, 295, 211, 91, 144, 78, 277, 149, 199, 131, 286, 626, 250, 360, 129, 256, 91, 283, 273, 193, 104, 153, 348, 248, 257, 204, 293, 386, 548, 424, 64, 139, 184, 176, 88, 338, 176, 485, 227, ] # of comm: 41
   Max Purity = [0.438,0.039] res:= 1.91
   Partition sizes: [248, 311, 277, 295, 211, 91, 144, 78, 277, 149, 199, 131, 286, 626, 250, 360, 129, 256, 91, 283, 273, 193, 104, 153, 348, 248, 257, 204, 293, 386, 548, 424, 64, 139, 184, 176, 88, 338, 176, 485, 227, ] # of comm: 41
Omniglot(All nodes): FL_ng + Cust2
   Max NMI = [0.151,0.008] res:= 1.81
   Partition sizes: [3923, 367, 4797, 913, ] # of comm: 4
   Max Purity = [0.146,0.008] res:= 1.41
   Partition sizes: [4093, 4920, 355, 632, ] # of comm: 4
Omniglot(All nodes): FL_ng + Cust6
   Max NMI = [0.241,0.013] res:= 1.91
   Partition sizes: [2056, 1435, 334, 1516, 823, 2638, 274, 924, ] # of comm: 8
   Max Purity = [0.241,0.013] res:= 1.91
   Partition sizes: [2056, 1435, 334, 1516, 823, 2638, 274, 924, ] # of comm: 8
Omniglot(All nodes): FL_ng + Cust11
   Max NMI = [0.439,0.04] res:= 1.91
   Partition sizes: [91, 254, 102, 418, 190, 404, 439, 479, 256, 64, 364, 167, 115, 274, 490, 311, 236, 319, 99, 256, 216, 165, 133, 116, 217, 156, 121, 316, 89, 280, 156, 146, 84, 330, 631, 51, 234, 368, 217, 130, 290, 226, ] # of comm: 42
   Max Purity = [0.439,0.04] res:= 1.91
   Partition sizes: [91, 254, 102, 418, 190, 404, 439, 479, 256, 64, 364, 167, 115, 274, 490, 311, 236, 319, 99, 256, 216, 165, 133, 116, 217, 156, 121, 316, 89, 280, 156, 146, 84, 330, 631, 51, 234, 368, 217, 130, 290, 226, ] # of comm: 42
Omniglot(All nodes): FL_ng_prop + Cust2
   Max NMI = [0.289,0.016] res:= 1.91
   Partition sizes: [321, 759, 689, 1211, 945, 895, 1052, 1221, 639, 475, 1793, ] # of comm: 11
   Max Purity = [0.289,0.016] res:= 1.91
   Partition sizes: [321, 759, 689, 1211, 945, 895, 1052, 1221, 639, 475, 1793, ] # of comm: 11
Omniglot(All nodes): FL_ng_prop + Cust6
   Max NMI = [0.324,0.019] res:= 1.91
   Partition sizes: [733, 445, 690, 1313, 654, 395, 341, 171, 417, 535, 1343, 984, 921, 643, 415, ] # of comm: 15
   Max Purity = [0.324,0.019] res:= 1.91
   Partition sizes: [733, 445, 690, 1313, 654, 395, 341, 171, 417, 535, 1343, 984, 921, 643, 415, ] # of comm: 15
Omniglot(All nodes): FL_ng_prop + Cust11
   Max NMI = [0.434,0.04] res:= 1.91
   Partition sizes: [103, 268, 273, 201, 113, 385, 437, 309, 143, 116, 200, 114, 126, 211, 484, 121, 268, 121, 107, 184, 506, 243, 637, 227, 518, 52, 378, 316, 244, 405, 39, 88, 233, 211, 98, 153, 293, 311, 224, 61, 479, ] # of comm: 41
   Max Purity = [0.434,0.04] res:= 1.91
   Partition sizes: [103, 268, 273, 201, 113, 385, 437, 309, 143, 116, 200, 114, 126, 211, 484, 121, 268, 121, 107, 184, 506, 243, 637, 227, 518, 52, 378, 316, 244, 405, 39, 88, 233, 211, 98, 153, 293, 311, 224, 61, 479, ] # of comm: 41
Omniglot (All nodes): PageRank + Cust2
   Max NMI = [0.414,0.034] res:= 1.91
   Partition sizes: [418, 246, 333, 162, 594, 702, 366, 72, 513, 310, 166, 84, 231, 353, 305, 387, 301, 480, 95, 382, 99, 154, 524, 209, 207, 237, 222, 264, 50, 715, 404, 193, 222, ] # of comm: 33
   Max Purity = [0.41,0.034] res:= 1.81
   Partition sizes: [500, 401, 127, 727, 327, 33, 189, 305, 502, 458, 135, 82, 392, 115, 352, 208, 165, 465, 246, 172, 100, 137, 94, 158, 523, 631, 242, 433, 227, 259, 179, 692, 424, ] # of comm: 33
Omniglot (All nodes): PageRank + Cust6
   Max NMI = [0.431,0.039] res:= 1.91
   Partition sizes: [248, 80, 116, 256, 381, 596, 203, 375, 503, 220, 331, 221, 333, 92, 136, 191, 136, 71, 216, 278, 321, 250, 214, 67, 426, 338, 348, 372, 99, 260, 317, 312, 31, 138, 100, 296, 81, 334, 205, 508, ] # of comm: 40
   Max Purity = [0.431,0.039] res:= 1.91
   Partition sizes: [248, 80, 116, 256, 381, 596, 203, 375, 503, 220, 331, 221, 333, 92, 136, 191, 136, 71, 216, 278, 321, 250, 214, 67, 426, 338, 348, 372, 99, 260, 317, 312, 31, 138, 100, 296, 81, 334, 205, 508, ] # of comm: 40
Omniglot (All nodes): PageRank + Cust11
   Max NMI = [0.442,0.041] res:= 1.91
   Partition sizes: [153, 137, 229, 305, 271, 161, 406, 82, 158, 390, 496, 41, 510, 614, 134, 125, 86, 316, 226, 138, 145, 314, 153, 403, 169, 228, 75, 219, 140, 273, 249, 289, 278, 578, 227, 172, 286, 136, 33, 176, 264, 143, 72, ] # of comm: 43
   Max Purity = [0.442,0.041] res:= 1.91
   Partition sizes: [153, 137, 229, 305, 271, 161, 406, 82, 158, 390, 496, 41, 510, 614, 134, 125, 86, 316, 226, 138, 145, 314, 153, 403, 169, 228, 75, 219, 140, 273, 249, 289, 278, 578, 227, 172, 286, 136, 33, 176, 264, 143, 72, ] # of comm: 43
